500
0,000416615712955022	0,000131947689626037	0,0782591225365951	0,993784851621206	0,0791655128703137	0,4994451521	0,05704581677	0,2005612741	0,5	0,05	0,2
0,001105430342223	0,000358884045360509	0,0923409148453899	0,992569108766956	0,0792446828947294	0,4987910493	0,06407674379	0,2011226089	0,4994451521	0,05704581677	0,2005612741
0,00158788081738623	0,000530955870459619	0,106404198528507	0,991153794161642	0,0793240370536483	0,4980380822	0,07109062302	0,2016839438	0,4987910493	0,06407674379	0,2011226089
0,00195426242115425	0,000669593120045492	0,120448015330222	0,989538957777409	0,0794035682057772	0,49718658	0,07808612724	0,202245284	0,4980380822	0,07109062302	0,2016839438
0,00221153261939345	0,000775543850303199	0,134464094058818	0,987725581028911	0,0794832308731924	0,4962374134	0,0850583687	0,202806347	0,49718658	0,07808612724	0,202245284
0,00235799847604819	0,000845782881074986	0,14844782913018	0,98571444532478	0,0795630209619934	0,4951905879	0,09200943712	0,2033674101	0,4962374134	0,0850583687	0,202806347
0,00239221345764868	0,000877670190434005	0,162397439054786	0,983506012894952	0,0796429180023064	0,4940473718	0,09893294475	0,2039280659	0,4951905879	0,09200943712	0,2033674101
0,00231345558773604	0,000868756435043319	0,176321282807286	0,98109889210765	0,0797230778027013	0,4928055663	0,1058426835	0,2044895441	0,4940473718	0,09893294475	0,2039280659
0,00212281952686657	0,000819258931732732	0,19021793626505	0,978493002460958	0,0798033887626598	0,4914672371	0,1127271329	0,2050510222	0,4928055663	0,1058426835	0,2044895441
0,00182213672254788	0,000728360926252023	0,204108652320101	0,97568344922663	0,0798840719624281	0,4900257922	0,1196175509	0,2056151751	0,4914672371	0,1127271329	0,2050510222
0,00141553287434813	0,000594712148512308	0,21799291174268	0,97266883793458	0,0799651307817411	0,4884878552	0,1264797162	0,206179328	0,4900257922	0,1196175509	0,2056151751
0,000908417888839536	0,000419585705006153	0,231877668530133	0,969445864433858	0,0800466287180167	0,4868429451	0,1333568394	0,2067471684	0,4884878552	0,1264797162	0,206179328
0,000309056550816587	0,000205333230208729	0,245758249158057	0,966013616326542	0,0801284970686596	0,4851013495	0,1402026119	0,2073150087	0,4868429451	0,1333568394	0,2067471684
-0,000372119389119654	-4,45590945455909E-05	0,259620190726167	0,962373934735518	0,0802107618028	0,4832551506	0,1470462002	0,2078853997	0,4851013495	0,1402026119	0,2073150087
-0,00112303293281663	-0,000325538394180101	0,273461824223456	0,958525743412036	0,0802933989116331	0,4813122418	0,1538563943	0,2084558733	0,4832551506	0,1470462002	0,2078853997
-0,00192834799369553	-0,000631467500153865	0,287245573769391	0,954478732606568	0,0803761740297008	0,4792735031	0,1606308511	0,2090263469	0,4813122418	0,1538563943	0,2084558733
-0,00277278759454873	-0,000955712185654538	0,300967394874253	0,950234160007513	0,0804591099715929	0,4771401956	0,1673662706	0,2095966546	0,4792735031	0,1606308511	0,2090263469
-0,00364042347674084	-0,00129095218615521	0,314626720474346	0,945792247488059	0,0805422333626553	0,4749123701	0,1740632863	0,2101669623	0,4771401956	0,1673662706	0,2095966546
-0,00451460660618419	-0,00162917412639099	0,32821435200686	0,941156135525721	0,0806254779769294	0,4725926043	0,1807152252	0,2107368101	0,4749123701	0,1740632863	0,2101669623
-0,00537877912909612	-0,00196198643991767	0,34172700483968	0,936327261326697	0,080708821449387	0,4701798278	0,1873261994	0,2113066578	0,4725926043	0,1807152252	0,2107368101
-0,00621663844230412	-0,00228071838874431	0,355165253110158	0,931305662586327	0,0807923623731785	0,4676765834	0,1938901458	0,2118760914	0,4701798278	0,1873261994	0,2113066578
-0,00701149516100981	-0,00257628720422009	0,368510895013379	0,926098700559891	0,0808759363328782	0,4650878347	0,2003958878	0,212444236	0,4676765834	0,1938901458	0,2118760914
-0,00774880824255366	-0,00284010813474717	0,381763408961263	0,920707470436334	0,0809595791799973	0,4624087588	0,2068570759	0,2130123807	0,4650878347	0,2003958878	0,212444236
-0,0084148277323092	-0,0030637675400725	0,394918039966991	0,915134818047901	0,0810432384907342	0,4596483847	0,2132536296	0,2135788518	0,4624087588	0,2068570759	0,2130123807
-0,00899735644159132	-0,00323930192285522	0,407974191214707	0,909381914342272	0,0811270187415436	0,4567996959	0,2196034089	0,214145323	0,4596483847	0,2132536296	0,2135788518
-0,00948721797859519	-0,0033595855842801	0,420961753000041	0,903435648515202	0,0812110306734779	0,4538559344	0,2259210828	0,2147132271	0,4567996959	0,2196034089	0,214145323
-0,00987512271973708	-0,00341761402904403	0,433878049544639	0,897296445341185	0,0812953092214689	0,4508249954	0,2321893206	0,2152811312	0,4538559344	0,2259210828	0,2147132271
-0,0101537127270939	-0,00340687006902551	0,446743548949165	0,890953135629475	0,0813800441405087	0,447689352	0,2384428218	0,2158523287	0,4508249954	0,2321893206	0,2152811312
-0,0103173271815969	-0,0033216176196179	0,459568376687108	0,884398275171266	0,0814653179166814	0,4444596513	0,2446580922	0,2164248411	0,447689352	0,2384428218	0,2158523287
-0,0103616796479037	-0,00315751045300072	0,472309968070897	0,877651845193391	0,0815507982150031	0,4411438865	0,2508194847	0,2169973534	0,4444596513	0,2446580922	0,2164248411
-0,010285586365063	-0,00291133068602022	0,48496950847407	0,870712376390059	0,0816365938265103	0,4377339892	0,2569416011	0,2175713532	0,4411438865	0,2508194847	0,2169973534
-0,0100904568687046	-0,0025814565030581	0,49754229288758	0,863581534000074	0,0817227075068372	0,4342409976	0,2630043682	0,2181450868	0,4377339892	0,2569416011	0,2175713532
-0,00978017332237065	-0,0021680283425591	0,510005869029413	0,856271750961441	0,081808936314937	0,4306642795	0,2690094808	0,2187188204	0,4342409976	0,2630043682	0,2181450868
-0,00936094265774611	-0,00167252943001478	0,52235671592565	0,848785381764197	0,0818952808822122	0,4270077389	0,2749510493	0,2192920942	0,4306642795	0,2690094808	0,2187188204
-0,00884037719379546	-0,00109730439584473	0,534603080659664	0,841117419461101	0,0819819054932004	0,4232642636	0,2808408438	0,2198661598	0,4270077389	0,2749510493	0,2192920942
-0,00822799833369871	-0,000446218534044136	0,546745035755557	0,833267417422538	0,0820687330146407	0,4194398173	0,2866694957	0,2204402253	0,4232642636	0,2808408438	0,2198661598
-0,00753362543544748	0,000276712048144427	0,558798311479502	0,82522411988345	0,0821559434870203	0,4155170057	0,2924626391	0,221016967	0,4194398173	0,2866694957	0,2204402253
-0,00676970569829623	0,00106497488310458	0,570761985408259	0,81698638588611	0,0822435486197862	0,4115144761	0,2981918437	0,2215937087	0,4155170057	0,2924626391	0,221016967
-0,00594863067200683	0,00191198344912017	0,582645369809024	0,808545527067877	0,0823316688682672	0,4074053427	0,3038941484	0,2221743566	0,4115144761	0,2981918437	0,2215937087
-0,00508491616234806	0,0028088459160481	0,594441787149446	0,799903660067275	0,0824202420619491	0,4032175191	0,3095294444	0,2227550046	0,4074053427	0,3038941484	0,2221743566
-0,00419439103920116	0,00374498884596995	0,606139172182419	0,791067340157302	0,0825091951388686	0,3989305938	0,315124276	0,2233385517	0,4032175191	0,3095294444	0,2227550046
-0,00329140000216286	0,00471068040350009	0,617751013995119	0,782023739728919	0,0825987603320934	0,3945546776	0,3206638385	0,2239236503	0,3989305938	0,315124276	0,2233385517
-0,00239391271748054	0,00569182218556114	0,629242094283974	0,77279815219515	0,0826885889641361	0,3901022051	0,3261321035	0,2245087489	0,3945546776	0,3206638385	0,2239236503
-0,00151546036743682	0,00667795478780774	0,640632204932549	0,763372800253109	0,0827788972926555	0,3855439704	0,3315636637	0,2250977384	0,3901022051	0,3261321035	0,2245087489
-0,000670819944313014	0,0076562652014483	0,651919813461881	0,753746087518553	0,0828697313034122	0,3809105063	0,3369208493	0,2256867279	0,3855439704	0,3315636637	0,2250977384
0,000126917053203479	0,0086148282273046	0,663114107431939	0,743906661247155	0,0829611950061762	0,376159084	0,3422511758	0,2262811711	0,3809105063	0,3369208493	0,2256867279
0,00086495819763277	0,00954050810348561	0,674209194118302	0,733855653355113	0,0830532516226171	0,3713335157	0,3475036562	0,2268756144	0,376159084	0,3422511758	0,2262811711
0,00153094671479273	0,0104194615589864	0,685196291309319	0,723597127113577	0,0831458959235631	0,3663956651	0,3527182415	0,2274748033	0,3713335157	0,3475036562	0,2268756144
0,00211584070381349	0,0112398207031154	0,69608000785856	0,713122610518359	0,0832392036669498	0,3613767757	0,3578600118	0,2280749762	0,3663956651	0,3527182415	0,2274748033
0,00260955037800347	0,0119865306957633	0,706810875545075	0,702477070964937	0,0833327725431488	0,3562862358	0,3629193391	0,2286751492	0,3613767757	0,3578600118	0,2280749762
0,00300694833881134	0,0126486956877847	0,717379108012437	0,691669884570182	0,0834265315469348	0,3511255822	0,3678950467	0,2292752997	0,3562862358	0,3629193391	0,2286751492
0,00330578710185644	0,0132174356090687	0,727783459872613	0,680702250365486	0,0835205476706956	0,3458959756	0,3727863436	0,2298754502	0,3511255822	0,3678950467	0,2292752997
0,00350584965128473	0,0136844267068777	0,737992969282486	0,669608090015011	0,0836144908258682	0,3406261159	0,3775678806	0,2304725245	0,3458959756	0,3727863436	0,2298754502
0,00361001581408161	0,0140444294735537	0,748007512700452	0,65839020550798	0,0837084119718122	0,3352907365	0,3822640387	0,2310695989	0,3406261159	0,3775678806	0,2304725245
0,00362377817333315	0,0142944404454002	0,757826728170429	0,647051640743447	0,0838022928189656	0,3299205606	0,3868492308	0,2316634458	0,3352907365	0,3822640387	0,2310695989
0,00355417962053751	0,0144327009311859	0,767441331639201	0,635606207469964	0,0838960756978444	0,3244955824	0,3913422776	0,2322565001	0,3299205606	0,3868492308	0,2316634458
0,00340986954457312	0,014459742964582	0,776876020140645	0,624026711373849	0,0839899566756128	0,3190100505	0,3957485385	0,2328495543	0,3244955824	0,3913422776	0,2322565001
0,00320079897325564	0,0143769435092364	0,786131955561784	0,612312354324354	0,0840840602395785	0,3134716649	0,400062346	0,2334419357	0,3190100505	0,3957485385	0,2328495543
0,00293744144054636	0,0141865503401402	0,79522710051315	0,600439701196618	0,084178523605275	0,3078498964	0,4043070869	0,2340370263	0,3134716649	0,400062346	0,2334419357
0,00263173834752516	0,013892520458922	0,804161947262155	0,588405950863321	0,0842733621268952	0,3021713626	0,4084620747	0,2346321168	0,3078498964	0,4043070869	0,2340370263
0,00229577523840361	0,0134990386269977	0,812951590475829	0,576187127228776	0,0843688684211814	0,2963891989	0,4125602379	0,2352321951	0,3021713626	0,4084620747	0,2346321168
0,0019416026212282	0,0130105123880149	0,821626623995684	0,563733347312792	0,0844654004250823	0,2905049016	0,416597564	0,2358371165	0,2963891989	0,4125602379	0,2352321951
0,0015847762083816	0,0124365113450486	0,830143471059003	0,551099813416103	0,0845624805149872	0,284566434	0,4205398806	0,2364420379	0,2905049016	0,416597564	0,2358371165
0,00123878392031795	0,0117844787315232	0,838517758657577	0,538256985539038	0,084660415391732	0,2784998482	0,424434112	0,2370545469	0,284566434	0,4205398806	0,2364420379
0,000917811803127305	0,01106502113258	0,846744982118683	0,525203590291892	0,08475921189663	0,27238088	0,4282294744	0,2376670559	0,2784998482	0,424434112	0,2370545469
0,000636589127983011	0,010292740365831	0,854780113216967	0,512005876710142	0,084858354114772	0,266192435	0,4319362993	0,2382814142	0,27238088	0,4282294744	0,2376670559
0,000407322363390907	0,00948055680079168	0,862620953702795	0,498665470686317	0,0849578635446713	0,2599545387	0,4355423136	0,2388957725	0,266192435	0,4319362993	0,2382814142
0,000241902275053095	0,00864476030810992	0,870241081566353	0,48522746013868	0,0850574622334177	0,2536918122	0,4390342734	0,2395078921	0,2599545387	0,4355423136	0,2388957725
0,000148843129789614	0,00779976478799778	0,877629497790526	0,471714696812066	0,0851569692946486	0,2473981984	0,4424170108	0,2401185656	0,2536918122	0,4390342734	0,2395078921
0,000134343083342713	0,00695712684606547	0,884799200911036	0,458106637604127	0,0852565695429588	0,2410605821	0,4456983249	0,2407292391	0,2473981984	0,4424170108	0,2401185656
0,00020275767521452	0,00612960302904754	0,891748622031978	0,444408259300166	0,0853562778585407	0,2346997677	0,4488682748	0,2413380827	0,2410605821	0,4456983249	0,2407292391
0,000356435896546808	0,00532887096592644	0,898476289900141	0,430624676505918	0,0854560967482781	0,2282979558	0,4519365563	0,2419469734	0,2346997677	0,4488682748	0,2413380827
0,000595734560097386	0,00456445825833792	0,904990457037524	0,416740241223886	0,0855560869586216	0,2218572664	0,4549024378	0,242555864	0,2282979558	0,4519365563	0,2419469734
0,000918971840313908	0,00384597595877772	0,91129201454633	0,402752837803253	0,0856563825147776	0,2153766352	0,4577666049	0,2431650073	0,2218572664	0,4549024378	0,242555864
0,00132250513676371	0,00318159436294334	0,917381836158447	0,38865963012274	0,085756974056985	0,208854262	0,4605298852	0,2437747196	0,2153766352	0,4577666049	0,2431650073
0,00180043237713983	0,00257858479437639	0,923255627999842	0,374469596127335	0,0858578298284312	0,2022978372	0,4631891506	0,244384432	0,208854262	0,4605298852	0,2437747196
0,00234522783345617	0,00204246798364616	0,928914394976054	0,36017925607874	0,0859590035821601	0,1956992266	0,46574771	0,244995048	0,2022978372	0,4631891506	0,244384432
0,00294766517721762	0,00157715850028511	0,934358287113713	0,345786311318136	0,0860605496550258	0,1890655249	0,4682027032	0,2456060556	0,1956992266	0,46574771	0,244995048
0,00359640806237539	0,00118547679684507	0,939580127720226	0,331308372438215	0,0861623232369258	0,1824026289	0,4705521284	0,2462170632	0,1890655249	0,4682027032	0,2456060556
0,00427932684848811	0,000868127926155641	0,9445797214735	0,316745334933773	0,0862643760699519	0,1757066857	0,4727974749	0,2468285747	0,1824026289	0,4705521284	0,2462170632
0,00498366016351826	0,000624062707900916	0,949358793692376	0,302090467501951	0,086366835552833	0,1689774968	0,4749387347	0,247440755	0,1757066857	0,4727974749	0,2468285747
0,00569533713406149	0,000450944231965227	0,953912432758067	0,287357081348413	0,0864695231194647	0,1622240618	0,476973143	0,2480529352	0,1689774968	0,4749387347	0,247440755
0,00640056875572434	0,000344785005311904	0,95824174498518	0,272539810441377	0,0865725700920024	0,1554337442	0,4789044217	0,248666408	0,1622240618	0,476973143	0,2480529352
0,00708691810498124	0,000300173165196782	0,962356200353353	0,257600010127941	0,0866762852430874	0,1485866339	0,4807372313	0,2492831049	0,1554337442	0,4789044217	0,248666408
0,00773956932861803	0,000310818632202126	0,966247367492414	0,242559618509495	0,0867805063508358	0,1417200935	0,482460957	0,2498998019	0,1485866339	0,4807372313	0,2492831049
0,00834587505079541	0,000369431637061759	0,969919492353063	0,227391954758943	0,0868854260764368	0,1347724129	0,4840898001	0,2505221754	0,1417200935	0,482460957	0,2498998019
0,00889484942986834	0,00046783698762468	0,973382773440976	0,212034060870006	0,0869915708521718	0,1277515943	0,4856191601	0,2511496285	0,1347724129	0,4840898001	0,2505221754
0,00937150642487974	0,000596441234894675	0,976615417704674	0,196560936249718	0,087098359583629	0,120716097	0,487035177	0,2517770815	0,1277515943	0,4856191601	0,2511496285
0,0097654548321163	0,00074540705825537	0,979619896504355	0,180941851778022	0,0872061044189974	0,1135785682	0,4883535227	0,2524124668	0,120716097	0,487035177	0,2517770815
0,0100675059963358	0,000903926498130187	0,982391444415304	0,165176205492006	0,087314781560024	0,1064297559	0,4895555015	0,253047852	0,1135785682	0,4883535227	0,2524124668
0,010268757544423	0,00106035619500847	0,984912909946644	0,149343959974097	0,0874239180069703	0,09924986654	0,4906441999	0,2536851612	0,1064297559	0,4895555015	0,253047852
0,0103652977396363	0,00120379321684687	0,987182211000048	0,133451036698963	0,0875334398331809	0,09206243844	0,4916158237	0,2543224704	0,09924986654	0,4906441999	0,2536851612
0,0103557023165758	0,00132353913396743	0,989191843677214	0,117550790300208	0,0876430721863976	0,08489559859	0,4924674964	0,2549574573	0,09206243844	0,4916158237	0,2543224704
0,0102419959665597	0,00141017715545302	0,990940542928702	0,101667670539992	0,0877526361264483	0,07774199407	0,4932014358	0,255590944	0,08489559859	0,4924674964	0,2549574573
0,010028511084956	0,001456043982429	0,992432418632757	0,0857794146776078	0,0878623153820968	0,07058656304	0,4938199048	0,2562244307	0,07774199407	0,4932014358	0,255590944
0,00972202900886265	0,0014543448405868	0,993667990970703	0,0698915482139578	0,0879721274524061	0,06345260716	0,4943216853	0,2568560192	0,07058656304	0,4938199048	0,2562244307
0,00933126873529922	0,0013994161109255	0,9946477980215	0,0540121174672276	0,0880820586594594	0,05632341662	0,49470882	0,257487352	0,06345260716	0,4943216853	0,2568560192
0,00886636579473884	0,00128740980149502	0,995373632196301	0,0381244509823479	0,0881921683917405	0,04919793219	0,4949817378	0,2581186847	0,05632341662	0,49470882	0,257487352
0,00833961576517034	0,00111602121184304	0,995845604712498	0,0222303296283054	0,0883025708539491	0,04208189435	0,4951405896	0,2587496705	0,04919793219	0,4949817378	0,2581186847
0,00776514039279995	0,000884790369833083	0,996063692056228	0,00634312327576365	0,0884131560030772	0,03498165128	0,4951858053	0,2593799062	0,04208189435	0,4951405896	0,2587496705
0,00715776535987731	0,000594826301720945	0,996028424926153	0,00953381680137235	0,0885239124549084	0,02789054274	0,4951179304	0,2600101419	0,03498165128	0,4951858053	0,2593799062
0,00653362006235617	0,000249208141842369	0,995740474374829	0,0253923408045098	0,0886348504836422	0,0208252997	0,4949377599	0,2606390475	0,02789054274	0,4951179304	0,2600101419
0,00590917730914872	-0,000147405116997813	0,995200804398252	0,0412252094057904	0,0887459353126736	0,0137763783	0,4946457653	0,2612676273	0,0208252997	0,4949377599	0,2606390475
0,00530002619011714	-0,000589412389211924	0,994409723460658	0,0570411639809913	0,0888572309865209	0,006741881972	0,4942422537	0,2618962071	0,0137763783	0,4946457653	0,2612676273
0,00472225506629131	-0,00106945188064969	0,993367349130674	0,0728413464532617	0,088968803116448	-0,0002749721687	0,4937277239	0,2625246565	0,006741881972	0,4942422537	0,2618962071
0,00419124291917591	-0,00157915459203819	0,992072683935513	0,0886363475380539	0,0890807930145546	-0,0072852887	0,4931013899	0,2631541311	-0,0002749721687	0,4937277239	0,2625246565
0,00372178964853848	-0,00210879175565113	0,990525705618359	0,104419452085529	0,089193074481209	-0,01427586142	0,4923644562	0,2637836056	-0,0072852887	0,4931013899	0,2631541311
0,00332758439880702	-0,00264788509501808	0,98872509336542	0,120196353483053	0,0893058024929977	-0,02126295684	0,4915150559	0,2644147094	-0,01427586142	0,4923644562	0,2637836056
0,00302089235743794	-0,00318515401977626	0,98666900164847	0,135972472412738	0,0894190579908886	-0,02823310417	0,4905545026	0,2650463944	-0,02126295684	0,4915150559	0,2644147094
0,00281284570877652	-0,00370785531319692	0,98436031555326	0,151719088663046	0,0895326046708149	-0,03517812323	0,4894840694	0,2656780794	-0,02823310417	0,4905545026	0,2650463944
0,00271201379870995	-0,00420372722940466	0,981798625490305	0,167436446677924	0,0896465019352057	-0,04210506769	0,4883027447	0,2663105679	-0,03517812323	0,4894840694	0,2656780794
0,00272476595662038	-0,00466059475742886	0,978982403968542	0,183129571024292	0,0897608652834477	-0,04900896261	0,4870112942	0,2669435717	-0,04210506769	0,4883027447	0,2663105679
0,00285514559874032	-0,00506604365927063	0,975914310213424	0,198780412971658	0,0898755057814609	-0,05588244125	0,4856112605	0,2675765754	-0,04900896261	0,4870112942	0,2669435717
0,00310472953013634	-0,00540851307593011	0,972594167220659	0,214388184588192	0,0899905117072505	-0,06273147117	0,4841015341	0,2682102906	-0,05588244125	0,4856112605	0,2675765754
0,00347228994102576	-0,0056771144350905	0,969022979708591	0,229946505604529	0,0901058785926273	-0,06954190862	0,4824854359	0,2688435681	-0,06273147117	0,4841015341	0,2682102906
0,00395396162553004	-0,00586194069535118	0,965204522526817	0,245439028797627	0,0902214654982772	-0,0763168186	0,4807626639	0,2694768456	-0,06954190862	0,4824854359	0,2688435681
0,00454322026579689	-0,00595461875706891	0,961141232630128	0,260857652020275	0,0903372366231565	-0,08304600889	0,4789363342	0,2701093192	-0,0763168186	0,4807626639	0,2694768456
0,00523142622002658	-0,00594820716506829	0,956833803380303	0,276201508516452	0,0904532995640304	-0,08973618375	0,4770051353	0,270741768	-0,08304600889	0,4789363342	0,2701093192
0,00600824687533053	-0,00583735069051521	0,952281697968131	0,291473344385397	0,0905696264082266	-0,0963859784	0,4749697734	0,2713742168	-0,08973618375	0,4770051353	0,270741768
0,00686120450941036	-0,00561822118001345	0,947485601910207	0,306670904669491	0,0906862194715817	-0,1029952977	0,4728305473	0,2720068113	-0,0963859784	0,4749697734	0,2713742168
0,00777647089697375	-0,00528858959543316	0,942443150967207	0,321800677361561	0,0908032556940668	-0,1095671271	0,470586572	0,2726399991	-0,1029952977	0,4728305473	0,2720068113
0,00873823829953384	-0,0048482035830536	0,937156617590705	0,336854441385684	0,0909206215590717	-0,1160936568	0,4682406562	0,2732731869	-0,1095671271	0,470586572	0,2726399991
0,00972997235630047	-0,0042983897137639	0,931625708058519	0,351831721166642	0,0910383439292599	-0,1225834034	0,4657897806	0,2739073641	-0,1160936568	0,4682406562	0,2732731869
0,0107354605929729	-0,00364150244898287	0,925841409281163	0,366753521604905	0,0911566741970709	-0,1290432354	0,4632308476	0,2745433875	-0,1225834034	0,4657897806	0,2739073641
0,0117356050435049	-0,00288303527171282	0,919809059619393	0,381601988590768	0,0912754958664097	-0,1354526246	0,4605717787	0,275179411	-0,1290432354	0,4632308476	0,2745433875
0,012712889502614	-0,00202867656717847	0,913522798164592	0,396387530077068	0,0913948753100294	-0,1418425991	0,4577990989	0,2758187064	-0,1354526246	0,4605717787	0,275179411
0,0136514099536034	-0,00108406658309411	0,906961824640847	0,411151069597903	0,0915152807603524	-0,1482146863	0,4549104542	0,2764616699	-0,1418425991	0,4577990989	0,2758187064
0,0145301684886773	-6,13384029033701E-05	0,900142192921952	0,425848351128831	0,0916363157406245	-0,1545305064	0,4519225023	0,2771046333	-0,1482146863	0,4549104542	0,2764616699
0,0153324341111399	0,0010299433133115	0,893053229340384	0,440495584792562	0,0917582113108721	-0,1608439883	0,448808398	0,2777533223	-0,1545305064	0,4519225023	0,2771046333
0,0160426453103681	0,00217899435321737	0,885678022851482	0,455117876214107	0,0918812199976129	-0,1671202428	0,445583258	0,2784044279	-0,1608439883	0,448808398	0,2777533223
0,0166417658229893	0,00336675436458171	0,878048677227759	0,469644166609555	0,0920047672036579	-0,1733340765	0,4422596487	0,2790555334	-0,1671202428	0,445583258	0,2784044279
0,0171166252169273	0,00457869808232216	0,870162275934261	0,484076310030071	0,0921289292707641	-0,1795141073	0,4388216618	0,2797098477	-0,1733340765	0,4422596487	0,2790555334
0,0174563124192847	0,00579936456121907	0,862013815295292	0,498418915420739	0,0922538182996632	-0,1856332046	0,4352835818	0,2803647213	-0,1795141073	0,4388216618	0,2797098477
0,0176512063198087	0,0070095012726028	0,853624957595773	0,512630992188694	0,0923790972961377	-0,1916845351	0,4316495508	0,2810195949	-0,1856332046	0,4352835818	0,2803647213
0,0176958405236687	0,00819304274132146	0,844997952510011	0,526708015389231	0,0925047392225278	-0,1976731097	0,4279167249	0,2816751841	-0,1916845351	0,4316495508	0,2810195949
0,0175875084020288	0,00933457791177529	0,836129447084658	0,540654297852981	0,0926308692121867	-0,2035950892	0,4240874809	0,2823312525	-0,1976731097	0,4279167249	0,2816751841
0,0173263504782867	0,0104183149358498	0,827027067515103	0,554456754145938	0,0927574114522387	-0,20944461	0,4201658362	0,282987321	-0,2035950892	0,4240874809	0,2823312525
0,0169152747541904	0,0114302161804836	0,817692992715067	0,568111502148287	0,0928842871076344	-0,2152261413	0,4161489809	0,2836440631	-0,20944461	0,4201658362	0,282987321
0,0163603229424743	0,0123570404185728	0,808130563288944	0,581613132726447	0,0930115934624438	-0,220928261	0,4120451543	0,2843003472	-0,2152261413	0,4161489809	0,2836440631
0,0156702895360518	0,0131868985093639	0,798348376895361	0,594949543631561	0,0931391949779459	-0,2265536408	0,407852978	0,2849566313	-0,220928261	0,4120451543	0,2843003472
0,0148566206019451	0,0139100410753063	0,78835358465962	0,608111742074898	0,0932670075908971	-0,232093903	0,4035793899	0,2856120779	-0,2265536408	0,407852978	0,2849566313
0,0139326540788839	0,0145187250714374	0,778147128547717	0,621099341637879	0,0933951505697009	-0,2375547207	0,3992206894	0,2862674988	-0,232093903	0,4035793899	0,2856120779
0,0129130211554268	0,0150075858301172	0,767726730528386	0,633915607941973	0,0935236293123511	-0,2429350096	0,3947781593	0,2869229197	-0,2375547207	0,3992206894	0,2862674988
0,0118141880521708	0,0153727304358077	0,757095034944003	0,646557290942118	0,0936524297214365	-0,2482347152	0,3902522238	0,2875784917	-0,2429350096	0,3947781593	0,2869229197
0,010653308323911	0,0156123800475806	0,746245587506529	0,659031495615931	0,0937817195047285	-0,2534577306	0,3856396248	0,2882348753	-0,2482347152	0,3902522238	0,2875784917
0,00944934466490147	0,0157265623505593	0,735183569436975	0,671331333811505	0,0939114448444638	-0,2585962144	0,3809474291	0,2888912589	-0,2534577306	0,3856396248	0,2882348753
0,00822107576142684	0,0157171954705862	0,723907591186905	0,68345736544674	0,0940416346017788	-0,2636598061	0,3761667788	0,2895490617	-0,2585962144	0,3809474291	0,2888912589
0,00698601405622868	0,0155879127915658	0,712397680163043	0,695428694105095	0,0941725900333907	-0,2686529123	0,3712926061	0,2902091056	-0,2636598061	0,3761667788	0,2895490617
0,00576509573438698	0,0153443156401459	0,700669672958788	0,7072260880341	0,094304134584905	-0,2735569689	0,3663426605	0,2908691496	-0,2686529123	0,3712926061	0,2902091056
0,00457619923956765	0,0149931449147402	0,688712941165888	0,718857607691983	0,0944363517613356	-0,2783981501	0,3612895829	0,2915329726	-0,2735569689	0,3663426605	0,2908691496
0,00343584358217135	0,0145425140962591	0,676504195011801	0,730341464872086	0,0945696506281509	-0,2831638876	0,3561445805	0,292199183	-0,2783981501	0,3612895829	0,2915329726
0,00236496074329027	0,0140038452649729	0,664081713418078	0,7416378658441	0,0947035049505478	-0,2878355001	0,3509273841	0,2928653933	-0,2831638876	0,3561445805	0,292199183
0,00137892679080146	0,013388496491348	0,651439686338275	0,752749675474131	0,0948380785184981	-0,2924346352	0,345613005	0,2935349459	-0,2878355001	0,3509273841	0,2928653933
0,000491857738233832	0,0127095368272832	0,638577313754029	0,763674715276031	0,094973383675435	-0,296936539	0,3402291775	0,2942044984	-0,2924346352	0,345613005	0,2935349459
-0,000282497977463271	0,0119818837865475	0,625522700524205	0,774387239156013	0,0951091739067965	-0,3013464959	0,3347697204	0,2948750214	-0,296936539	0,3402291775	0,2942044984
-0,000935026626368526	0,0112199540665961	0,612277887369718	0,784884768002927	0,0952454177116464	-0,3056579168	0,3292428695	0,2955457023	-0,3013464959	0,3347697204	0,2948750214
-0,00145857027087288	0,0104388972021533	0,59885307601412	0,795158627535942	0,0953821283238316	-0,3098687614	0,3236516994	0,2962163832	-0,3056579168	0,3292428695	0,2955457023
-0,00184937450755208	0,00965301635773698	0,585252488227788	0,805205315761465	0,0955192362441341	-0,3139806268	0,31799449	0,296887482	-0,3098687614	0,3236516994	0,2962163832
-0,0021063330872277	0,00887621455526221	0,571478169432372	0,81502299725868	0,0956567603554715	-0,3179907101	0,3122754437	0,297558709	-0,3139806268	0,31799449	0,296887482
-0,00223091877831964	0,0081219604308962	0,557535454973947	0,824607529273154	0,0957947760215445	-0,3218973209	0,3064974781	0,2982299361	-0,3179907101	0,3122754437	0,297558709
-0,00222740666021162	0,00740261824288359	0,543434932058028	0,833951626191184	0,095933100607485	-0,3256987364	0,3006638512	0,2989010037	-0,3218973209	0,3064974781	0,2982299361
-0,00210273949171026	0,00672950614334592	0,529187699364285	0,843048398821472	0,0960717236552305	-0,3293909852	0,2947817333	0,2995713154	-0,3256987364	0,3006638512	0,2989010037
-0,00186614395663102	0,00611199789802598	0,514793964237352	0,85189827488884	0,0962107251100925	-0,3329776167	0,2888464555	0,3002416271	-0,3293909852	0,2947817333	0,2995713154
-0,00152902117533832	0,00555793150302581	0,500262774579869	0,860496272903545	0,0963499906007249	-0,336453705	0,2828672758	0,3009111174	-0,3329776167	0,2888464555	0,3002416271
-0,00110304342874362	0,00507224505639716	0,485555885314265	0,868864298297945	0,0964899651772131	-0,3398414008	0,276805259	0,3015843224	-0,336453705	0,2828672758	0,3009111174
-0,00060212144854255	0,00465942598765996	0,470665467614455	0,877004281964985	0,0966307767243317	-0,3431204218	0,2706953664	0,3022575274	-0,3398414008	0,276805259	0,3015843224
-3,9978037246947E-05	0,00432227203507339	0,455563996248539	0,884927394891029	0,0967726774117432	-0,3463216874	0,2644769478	0,3029375527	-0,3431204218	0,2706953664	0,3022575274
0,000569587764236355	0,0040614483025987	0,440187871499134	0,892659994547748	0,096916313998604	-0,3494357844	0,2581618492	0,3036231845	-0,3463216874	0,2644769478	0,3029375527
0,00120647578085731	0,00387865050074841	0,424614584117106	0,900156443539306	0,0970609710940752	-0,3524352312	0,251803209	0,3043088162	-0,3494357844	0,2581618492	0,3036231845
0,00185385798428817	0,00377182229387333	0,40882266240299	0,907422088460745	0,097206913742136	-0,355352807	0,2453273627	0,3050025364	-0,3524352312	0,251803209	0,3043088162
0,0024942892223688	0,00373678751039609	0,392788782136279	0,914461102209104	0,0973543279695844	-0,3581595444	0,2387929292	0,3056981979	-0,355352807	0,2453273627	0,3050025364
0,003106019593811	0,00376805993198508	0,376609759022081	0,921226553476272	0,0975024439671106	-0,3608465842	0,232220151	0,3063938595	-0,3581595444	0,2387929292	0,3056981979
0,00367200911853314	0,00385744745958813	0,360289032574773	0,927715506611067	0,0976511740825736	-0,3634217583	0,2255892832	0,3070918235	-0,3608465842	0,232220151	0,3063938595
0,00417624135491695	0,00399517318258139	0,343833591183182	0,933923713698616	0,0978006061610163	-0,3658736222	0,2189295097	0,3077892358	-0,3634217583	0,2255892832	0,3070918235
0,00460386622358304	0,00417014787747534	0,327277538150944	0,939837821591143	0,0979504064752759	-0,368203856	0,2122378135	0,308486648	-0,3658736222	0,2189295097	0,3077892358
0,00494286636605405	0,00437019008057593	0,310650648123417	0,945448302983977	0,098100362920931	-0,3704045189	0,205540216	0,3091815953	-0,368203856	0,2122378135	0,308486648
0,00518409299120724	0,00458291800544541	0,293954577510359	0,95075629412654	0,0982505752628212	-0,3724837224	0,1988153137	0,3098765426	-0,3704045189	0,205540216	0,3091815953
0,00532124085492708	0,00479569314671872	0,277207586331275	0,955757932654845	0,0984008549135874	-0,3744324286	0,1920965531	0,3105682782	-0,3724837224	0,1988153137	0,3098765426
0,0053504340698992	0,00499611914619756	0,260425091590727	0,960451169181598	0,0985511201745717	-0,376258215	0,1853630288	0,3112591997	-0,3744324286	0,1920965531	0,3105682782
0,00527056246061053	0,00517281706247185	0,243570307538776	0,964847891674957	0,0987018298505973	-0,3779632286	0,1786090086	0,3119501212	-0,376258215	0,1853630288	0,3112591997
0,00508257932870578	0,0053146355705839	0,226650452581544	0,968946685546111	0,0988528852071935	-0,3795459881	0,1718426	0,3126404368	-0,3779632286	0,1786090086	0,3119501212
0,00478912035072139	0,00541134501431396	0,209638544541777	0,972753705044218	0,0990045956769303	-0,3810129104	0,1650358646	0,3133332104	-0,3795459881	0,1718426	0,3126404368
0,00439545136006035	0,00545356592768578	0,192529861485934	0,976268469010867	0,0991570917856359	-0,3823580447	0,1582150411	0,314025984	-0,3810129104	0,1650358646	0,3133332104
0,00390808622322671	0,00543278807134633	0,17531082828983	0,979491471390553	0,0993104775816852	-0,3835886057	0,1513396871	0,314723075	-0,3823580447	0,1582150411	0,314025984
0,00333480504459493	0,00534162222226091	0,15793619440701	0,982427004541692	0,0994652665178588	-0,3847014499	0,1444173461	0,3154239235	-0,3835886057	0,1513396871	0,314723075
0,002688572324651	0,00517455367591908	0,140463868556008	0,985061198782653	0,0996209630708426	-0,3856896344	0,137487292	0,316124772	-0,3847014499	0,1444173461	0,3154239235
0,00198148212857158	0,00492721279369541	0,122878949448857	0,98739311761082	0,099777728362247	-0,3865597251	0,130495683	0,3168312858	-0,3856896344	0,137487292	0,316124772
0,00122720879258506	0,00459713231843675	0,105156426607319	0,989421520129372	0,0999358866877269	-0,3873053118	0,1234804244	0,3175398575	-0,3865597251	0,130495683	0,3168312858
0,000444757663582346	0,00418545245532481	0,0873742957525695	0,991134083166788	0,100094763234016	-0,3879238352	0,1164641776	0,3182484292	-0,3873053118	0,1234804244	0,3175398575
-0,000349273899231592	0,00369430525498972	0,0695324005005366	0,992529244287405	0,100254398980327	-0,3884171244	0,109422799	0,3189596719	-0,3879238352	0,1164641776	0,3182484292
-0,00113783511172972	0,00312800443233957	0,0516257397785331	0,993605362461931	0,100414972385665	-0,3887830465	0,1023801462	0,319671411	-0,3884171244	0,109422799	0,3189596719
-0,00190218611034572	0,00249400782516006	0,0336975452673261	0,994358552644789	0,100576061889085	-0,3890215114	0,09534344335	0,3203831501	-0,3887830465	0,1023801462	0,319671411
-0,00262579419534466	0,00180067992723031	0,0157501704488998	0,994788341185786	0,100737720699162	-0,3891329031	0,08830789	0,3210956088	-0,3890215114	0,09534344335	0,3203831501
0,000317974708888849	0,000382703777877231	0,00222739486740018	0,994894060450984	0,100900184298435	-0,3891171515	0,08127223884	0,3218091506	-0,3891329031	0,08830789	0,3210956088
0,00389031280132808	-0,000276541001271726	0,0202153395081923	0,99467460350933	0,101063213792782	-0,3889744241	0,07424948664	0,3225226924	-0,3891171515	0,08127223884	0,3218091506
0,00440367208452904	0,000530030518063708	0,0382192728451685	0,994128956401591	0,101226998508646	-0,3887043601	0,06722479929	0,3232379799	-0,3889744241	0,07424948664	0,3225226924
0,00482262936535605	0,00134862829864923	0,056238936563944	0,9932557219544	0,101391581598281	-0,3883073899	0,06021376838	0,3239536662	-0,3887043601	0,06722479929	0,3232379799
0,00513774461555204	0,00216381945733466	0,0742425152933233	0,992055589905821	0,101556661325267	-0,3877841909	0,05322259236	0,3246693524	-0,3883073899	0,06021376838	0,3239536662
0,00534268567444407	0,00296082045677088	0,0922315587205224	0,990528081120764	0,101722465990559	-0,387134798	0,04624838622	0,3253855698	-0,3877841909	0,05322259236	0,3246693524
0,00543363810309059	0,00372470382720473	0,110200446159407	0,988673101554223	0,101888958819989	-0,3863601559	0,03929861574	0,3261017872	-0,387134798	0,04624838622	0,3253855698
0,00540930591629533	0,00444063095524861	0,128128092450717	0,986492682624302	0,102055764431262	-0,3854606109	0,03237277658	0,326818287	-0,3863601559	0,03929861574	0,3261017872
0,00527102095242878	0,00509465165701531	0,146018750099872	0,983986261493824	0,102223098224809	-0,3844364604	0,0254712655	0,3275352623	-0,3854606109	0,03237277658	0,326818287
0,00502270079879873	0,00567324602293091	0,163868822931528	0,981153947254797	0,102391116105684	-0,3832889984	0,01860091121	0,3282522377	-0,3844364604	0,0254712655	0,3275352623
0,00467019133342328	0,0061645162392287	0,181698043656999	0,977991433728747	0,102560111565897	-0,3820151204	0,01174425086	0,3289712827	-0,3832889984	0,01860091121	0,3282522377
0,00422201538360991	0,00655722835139671	0,199499172527537	0,974498129026923	0,102730115758988	-0,3806187538	0,004923387285	0,3296903278	-0,3820151204	0,01174425086	0,3289712827
0,00368826252821939	0,00684145352716925	0,217261564537234	0,970674427628138	0,102900768333474	-0,3790943643	-0,001887232479	0,3304123186	-0,3806187538	0,004923387285	0,3296903278
0,00307963808733803	0,00700911989020167	0,235030440104858	0,966507487944624	0,103072634443331	-0,377438807	-0,008695323067	0,3311383635	-0,3790943643	-0,001887232479	0,3304123186
0,00241138318886114	0,00705273798072767	0,252768754270987	0,962002243616076	0,103245533278336	-0,3756612825	-0,01546033072	0,3318644084	-0,377438807	-0,008695323067	0,3311383635
0,0016972819286109	0,00696648109313377	0,270516615977898	0,957144213373311	0,103420091306536	-0,3737427475	-0,02224850773	0,3325978756	-0,3756612825	-0,01546033072	0,3318644084
0,000954239892881956	0,00674711493234396	0,288270862988489	0,951928415546173	0,103596337906431	-0,3717017758	-0,02898820711	0,3333313427	-0,3737427475	-0,02224850773	0,3325978756
0,000201452299956187	0,0063931921071329	0,305974602166722	0,946367038422135	0,103773654734874	-0,3695260923	-0,03571750796	0,3340692426	-0,3717017758	-0,02898820711	0,3333313427
-0,00054276805074901	0,00590643091710915	0,323615323685695	0,940461133632083	0,103951808080769	-0,3672290643	-0,04239291978	0,3348070946	-0,3695260923	-0,03571750796	0,3340692426
-0,00125799606061839	0,00529211122090761	0,341139347044335	0,934227376099142	0,104130474142184	-0,3648118054	-0,04901270568	0,3355449465	-0,3672290643	-0,04239291978	0,3348070946
-0,00192677509092365	0,00455709217241846	0,358544608968373	0,927666543942279	0,104309858737821	-0,3622763533	-0,05557270973	0,3362825748	-0,3648118054	-0,04901270568	0,3355449465
-0,00253388068761984	0,00370829230325772	0,375861760164872	0,920765816167978	0,104490425505314	-0,3596134744	-0,06209608647	0,3370228612	-0,3622763533	-0,05557270973	0,3362825748
-0,00306437946002098	0,00275556667489095	0,393079016617005	0,913527594505834	0,104671967459265	-0,3568334463	-0,06855695636	0,3377631475	-0,3596134744	-0,06209608647	0,3370228612
-0,00350530613104645	0,00170834257312228	0,410205235021067	0,905945474689574	0,104854480356322	-0,3539179201	-0,07499594724	0,3385083988	-0,3568334463	-0,06855695636	0,3377631475
-0,00384593698675921	0,000575833640017983	0,427285668191626	0,897994349219948	0,105038595416531	-0,3508692506	-0,08140310804	0,3392578458	-0,3539179201	-0,07499594724	0,3385083988
-0,00407531725349208	-0,000624753347719119	0,44426158123771	0,889696334397733	0,105223951624179	-0,3477050418	-0,08773988144	0,3400072929	-0,3508692506	-0,08140310804	0,3392578458
-0,00418657640643032	-0,00188072032733808	0,461154683211174	0,881036255130264	0,105410982816985	-0,3443989046	-0,09405625823	0,3407630115	-0,3477050418	-0,08773988144	0,3400072929
-0,00417595838542722	-0,00317679412439873	0,477954147519304	0,87201407865605	0,105599618819084	-0,3409784487	-0,1002967851	0,3415187301	-0,3443989046	-0,09405625823	0,3407630115
-0,00404270991469824	-0,00449370553402382	0,49459430724377	0,862661681030162	0,105788918721531	-0,3374344271	-0,106478198	0,3422767619	-0,3409784487	-0,1002967851	0,3415187301
-0,00379041687207978	-0,00581487394808546	0,511059443013837	0,852986946666809	0,105978839974879	-0,3337844279	-0,1125702519	0,3430336654	-0,3374344271	-0,106478198	0,3422767619
-0,00342583070981301	-0,00712358525398227	0,527324401606225	0,843004772667459	0,106169339879847	-0,3300250216	-0,1185802098	0,3437905689	-0,3337844279	-0,1125702519	0,3430336654
-0,00295946112312092	-0,0084052572999317	0,543383622452957	0,832719448364212	0,106360515069761	-0,3261667039	-0,1244929684	0,3445457861	-0,3300250216	-0,1185802098	0,3437905689
-0,00240432259562795	-0,00964707668697681	0,559232092113065	0,822135056017297	0,106552413479377	-0,3222030049	-0,1303200587	0,3453010033	-0,3261667039	-0,1244929684	0,3445457861
-0,00177591082696475	-0,0108385644611006	0,574865260826451	0,811255509316651	0,106744697752713	-0,3181371695	-0,1360578056	0,3460559739	-0,3222030049	-0,1303200587	0,3453010033
-0,00108878225532507	-0,0119738657454435	0,590305962540788	0,800064485892718	0,106937780985088	-0,3139548831	-0,14172622	0,3468136224	-0,3181371695	-0,1360578056	0,3460559739
-0,000361164328826535	-0,01304522185921	0,605555700789709	0,788558847984901	0,107131865034691	-0,3096723262	-0,1473029954	0,3475712708	-0,3139548831	-0,14172622	0,3468136224
0,000385241481468552	-0,0140463631991854	0,620648853852719	0,776708285991942	0,107327716284129	-0,305254584	-0,1528315595	0,3483352232	-0,3096723262	-0,1473029954	0,3475712708
0,00112667342504368	-0,0149726157686186	0,63557933804424	0,764511092370346	0,10752532117574	-0,3007388821	-0,1582633034	0,3490991755	-0,305254584	-0,1528315595	0,3483352232
0,00183880561870622	-0,0158202542254117	0,650317794476933	0,751985545876108	0,107724207957493	-0,2960937769	-0,1636346034	0,3498686305	-0,3007388821	-0,1582633034	0,3490991755
0,00249732704564899	-0,0165893802935363	0,664866893692514	0,739124036418943	0,10792438306257	-0,2913458116	-0,1689128558	0,350639343	-0,2960937769	-0,1636346034	0,3498686305
0,00307503866043553	-0,0172784881608825	0,67917266007956	0,725970648482687	0,108125461118466	-0,2865047046	-0,1740875364	0,3514100556	-0,2913458116	-0,1689128558	0,350639343
0,00354761531152332	-0,0178909985975758	0,693223735652223	0,712534920945891	0,108327460789078	-0,2815721802	-0,1791574665	0,3521808426	-0,2865047046	-0,1740875364	0,3514100556
0,0038925003155319	-0,0184327788697923	0,707017504620813	0,698818552027452	0,108530546400607	-0,2765509213	-0,1841204962	0,3529516297	-0,2815721802	-0,1791574665	0,3521808426
0,00408888039678245	-0,018910595324357	0,720515999455286	0,684860306397451	0,108733873517591	-0,2714589677	-0,1889604677	0,3537200621	-0,2765509213	-0,1841204962	0,3529516297
0,00411890023375718	-0,0193330675504927	0,733701777118823	0,670682035026463	0,108937184402031	-0,2662925742	-0,1936831049	0,3544871481	-0,2714589677	-0,1889604677	0,3537200621
0,00396751041714412	-0,0197109124899126	0,746596524309739	0,656263563899504	0,109141030719612	-0,2610452008	-0,1982955828	0,3552542341	-0,2662925742	-0,1936831049	0,3544871481
0,00362175648803708	-0,0200551707960596	0,75921483781707	0,641588898672916	0,109345851032744	-0,2557165963	-0,2027986211	0,3560216859	-0,2610452008	-0,1982955828	0,3552542341
0,00307173304366997	-0,020376872179776	0,771554764874962	0,626659112676485	0,109551820150383	-0,2503115636	-0,207188605	0,3567891378	-0,2557165963	-0,2027986211	0,3560216859
0,00230857317241622	-0,0206879124789894	0,783628311999558	0,611456983506284	0,10975894475677	-0,2448052538	-0,211485121	0,3575603794	-0,2503115636	-0,207188605	0,3567891378
0,00132377488511669	-0,0210005515612247	0,795466424364342	0,595936451065716	0,10996778619309	-0,2391872193	-0,2156939618	0,3583370342	-0,2448052538	-0,211485121	0,3575603794
0,000117850401925052	-0,0213250520906992	0,807035856972245	0,58013267782273	0,110178045377935	-0,2334983528	-0,2197833679	0,3591136889	-0,2391872193	-0,2156939618	0,3583370342
-0,00131247697179432	-0,0216728850446535	0,818363344918571	0,563999411986866	0,110390665240125	-0,2276693524	-0,2238005967	0,3598999744	-0,2334983528	-0,2197833679	0,3591136889
-0,00296180040349651	-0,0220539107955211	0,829441635388788	0,547533523456799	0,110605669721567	-0,2217729291	-0,2276929615	0,3606862598	-0,2276693524	-0,2238005967	0,3598999744
-0,00481798477023613	-0,0224762025557679	0,840224809916201	0,530792528818532	0,110822200626554	-0,2157688634	-0,2314858907	0,3614781714	-0,2217729291	-0,2276929615	0,3606862598
-0,00686706252286927	-0,0229469624734998	0,850702273765038	0,513785713196511	0,111040003269754	-0,2097013859	-0,2351503728	0,3622701438	-0,2157688634	-0,2314858907	0,3614781714
-0,00908401702797473	-0,0234701556681854	0,860835010927195	0,49657286408833	0,111258593434793	-0,2035737013	-0,238685129	0,3630621162	-0,2097013859	-0,2351503728	0,3622701438
-0,0114474067477496	-0,0240490740106275	0,870624531589442	0,479150832562092	0,111478269854348	-0,1973859085	-0,2420905994	0,3638544261	-0,2035737013	-0,238685129	0,3630621162
-0,0139328035154049	-0,0246848943052824	0,88006888601721	0,461521445953653	0,111699197800509	-0,1911433633	-0,2453642846	0,364646736	-0,1973859085	-0,2420905994	0,3638544261
-0,0165150101070656	-0,0253770273165702	0,889160562307212	0,443697175453826	0,11192100308619	-0,1848399896	-0,248509711	0,3654401584	-0,1911433633	-0,2453642846	0,364646736
-0,0191726710833079	-0,0261241781545586	0,897913954934261	0,425645681257659	0,1121440304297	-0,1784566097	-0,2515356781	0,366237404	-0,1848399896	-0,248509711	0,3654401584
-0,0218747408454297	-0,0269209485464318	0,906320089429192	0,407378481398976	0,112368449264579	-0,1720263368	-0,2544259978	0,3670346497	-0,1784566097	-0,2515356781	0,366237404
-0,0245974792793651	-0,0277621614926382	0,914393565315358	0,388853141878198	0,112595034354638	-0,1654920196	-0,2572047682	0,3678392613	-0,1720263368	-0,2544259978	0,3670346497
-0,0273104127265222	-0,0286387838480951	0,922127194439015	0,370070544458848	0,112823886655103	-0,1589158037	-0,2598439527	0,3686438729	-0,1654920196	-0,2572047682	0,3678392613
-0,0299785475353672	-0,0295387547798988	0,929494314333601	0,351082723291568	0,113054150864461	-0,1522605884	-0,2623577186	0,369453345	-0,1589158037	-0,2598439527	0,3686438729
-0,032574934165162	-0,0304501094444807	0,936494852773939	0,3318790237677	0,113285940482112	-0,1455555542	-0,2647338771	0,3702644398	-0,1522605884	-0,2623577186	0,369453345
-0,0350631317409034	-0,0313561865536531	0,94310500512202	0,312516261979348	0,113518876457836	-0,1388170496	-0,2669668122	0,3710755345	-0,1455555542	-0,2647338771	0,3702644398
-0,0374185973080795	-0,0322422382582961	0,949327389085013	0,292980646200059	0,113753458344038	-0,1320253782	-0,2690628523	0,3718893487	-0,1388170496	-0,2669668122	0,3710755345
-0,0396177904904194	-0,033092302920061	0,955157222240995	0,273278305339604	0,113989686514089	-0,1252061603	-0,2710138864	0,3727031629	-0,1320253782	-0,2690628523	0,3718893487
-0,0416380945957616	-0,0338894203600083	0,96058041540576	0,253451204555804	0,114226758896987	-0,1183503438	-0,2728228083	0,3735184176	-0,1252061603	-0,2710138864	0,3727031629
-0,043462635790521	-0,0346174552554549	0,965594620395807	0,233505575201097	0,114464734362516	-0,1114730688	-0,27448591	0,3743336722	-0,1183503438	-0,2728228083	0,3735184176
-0,0450763815759266	-0,0352601533005976	0,970194600749334	0,213460737631416	0,114703749575554	-0,104578561	-0,2760028291	0,3751487931	-0,1114730688	-0,27448591	0,3743336722
-0,0464703672294261	-0,0358029326214888	0,974380090734285	0,193316591312045	0,114944048580772	-0,09766878545	-0,2773737256	0,375963914	-0,104578561	-0,2760028291	0,3751487931
-0,0476391588969137	-0,0362323779679417	0,978146479357504	0,17309471912475	0,115185429337413	-0,09075432828	-0,2785973215	0,3767781527	-0,09766878545	-0,2773737256	0,375963914
-0,0485816443551724	-0,0365368582837353	0,981488717808112	0,152828227013389	0,115427162502303	-0,08383564908	-0,2796746334	0,3775918182	-0,09075432828	-0,2785973215	0,3767781527
-0,0493015215381862	-0,0367069152212449	0,984409329341761	0,132509653606713	0,11566963303276	-0,07691092832	-0,2806067582	0,3784054837	-0,08383564908	-0,2796746334	0,3775918182
-0,049805690987618	-0,0367349441605479	0,98690985525628	0,112129617046141	0,11591327179885	-0,06998166208	-0,2813940398	0,379219331	-0,07691092832	-0,2806067582	0,3784054837
-0,050104020330998	-0,0366154865019924	0,988989622362083	0,091688480927899	0,11615829425934	-0,06305244157	-0,2820364426	0,3800331782	-0,06998166208	-0,2813940398	0,379219331
-0,0502094526285892	-0,036345109396154	0,990647528739354	0,0711858217355823	0,116404693146114	-0,05611221502	-0,2825351525	0,3808486801	-0,06305244157	-0,2820364426	0,3800331782
-0,0501373051829976	-0,0359223972185974	0,99188194660009	0,0506208042918656	0,116652210359086	-0,04916273456	-0,28288982	0,3816659873	-0,05611221502	-0,2825351525	0,3808486801
-0,0499053871427121	-0,0353493350526287	0,992689901580678	0,0300156201572726	0,116900906097075	-0,04222238969	-0,2830996728	0,3824832945	-0,04916273456	-0,28288982	0,3816659873
-0,049532550521284	-0,0346283755788109	0,99307021817471	0,00932932958829967	0,117151634149366	-0,03525140865	-0,2831651612	0,3833056551	-0,04222238969	-0,2830996728	0,3824832945
-0,0490402532402473	-0,0337660658762569	0,993018313509582	0,0114365020735351	0,117404580212644	-0,02829581003	-0,2830850542	0,3841280157	-0,03525140865	-0,2831651612	0,3833056551
-0,0484503674233287	-0,0327704155111711	0,992529725271239	0,0322646929089336	0,117659398453722	-0,02131113361	-0,2828579996	0,3849560139	-0,02829581003	-0,2830850542	0,3841280157
-0,0477839986190522	-0,0316488781549769	0,991596947874894	0,0532086557130405	0,117916631237523	-0,01430155132	-0,2824818685	0,3857895646	-0,02131113361	-0,2828579996	0,3849560139
-0,0470671719438252	-0,0304185368277433	0,990216827881897	0,0741965114013197	0,118175765177925	-0,007317074183	-0,2819585247	0,3866231153	-0,01430155132	-0,2824818685	0,3857895646
-0,0463210951437446	-0,0290906901182608	0,988378202881989	0,0952940559743165	0,118438046943261	-0,0002707727306	-0,2812791586	0,3874674785	-0,007317074183	-0,2819585247	0,3866231153
-0,0455691951779103	-0,027683213113681	0,98607230113782	0,116494181599186	0,118703507034549	0,006743368506	-0,2804505108	0,3883118417	-0,0002707727306	-0,2812791586	0,3874674785
-0,0448347074076167	-0,0262166585967189	0,983296773000887	0,137743580382683	0,118971266570554	0,0137967497	-0,279462449	0,389165246	0,006743368506	-0,2804505108	0,3883118417
-0,0441383158894945	-0,0247124044267312	0,98004593698322	0,159032953754129	0,119241272313404	0,02081089256	-0,2783242576	0,3900186502	0,0137967497	-0,279462449	0,389165246
-0,043500014921257	-0,0231950673268383	0,976318848927868	0,180327461112184	0,119513647743663	0,02783431566	-0,2770270215	0,3908784051	0,02081089256	-0,2783242576	0,3900186502
-0,0429353177142997	-0,0216876171487258	0,972109882779205	0,201626036698723	0,119788635221234	0,03481140688	-0,2755798978	0,39173816	0,02783431566	-0,2770270215	0,3908784051
-0,0424578233090108	-0,0202153650987403	0,967424570352884	0,222876534716714	0,120065611022508	0,04176898359	-0,2739770022	0,3926016544	0,03481140688	-0,2755798978	0,39173816
-0,0420755423891008	-0,0187985603854725	0,962258011693891	0,244083506729904	0,12034434209115	0,04869315328	-0,2722206379	0,3934676224	0,04176898359	-0,2739770022	0,3926016544
-0,0417944533839445	-0,0174615254083238	0,956618797060939	0,265198367328332	0,12062463710233	0,05556075	-0,2703167704	0,3943335905	0,04869315328	-0,2722206379	0,3934676224
-0,041615322803002	-0,0162220026153291	0,950494643617394	0,286253984998198	0,120907355141429	0,06240965906	-0,2682541312	0,3952048037	0,05556075	-0,2703167704	0,3943335905
-0,0415353075420073	-0,0150976150149096	0,943882117894065	0,30724402609994	0,121192639816591	0,06919490994	-0,2660454573	0,3960760168	0,06240965906	-0,2682541312	0,3952048037
-0,0415482634552526	-0,0141043408372054	0,936786811954116	0,328135828475829	0,121479821449182	0,07595302085	-0,2636782396	0,3969523892	0,06919490994	-0,2660454573	0,3960760168
-0,041643740298614	-0,0132545724539726	0,929208810797546	0,34891739061788	0,12176879920825	0,08264055461	-0,2611670744	0,3978287616	0,07595302085	-0,2636782396	0,3969523892
-0,0418080346670387	-0,0125592846741574	0,921155891588641	0,369558189169423	0,122059691173427	0,0892746673	-0,2585055372	0,3987078286	0,08264055461	-0,2611670744	0,3978287616
-0,0420239922661042	-0,0120239934655332	0,91262557865612	0,390056838624037	0,122352833335414	0,09583159784	-0,2557031003	0,3995868956	0,0892746673	-0,2585055372	0,3987078286
-0,0422716339413805	-0,0116516148013241	0,903639199650704	0,410358153258254	0,12264739258994	0,1023060499	-0,2527629399	0,4004656475	0,09583159784	-0,2557031003	0,3995868956
-0,0425288913705302	-0,0114401473807544	0,894220112779441	0,430413237392598	0,12294240512511	0,1086813509	-0,2496943286	0,4013421597	0,1023060499	-0,2527629399	0,4004656475
-0,0427728230838405	-0,0113836053653665	0,884369644249933	0,450225108311254	0,123238322673457	0,1149712831	-0,2464921773	0,4022186718	0,1086813509	-0,2496943286	0,4013421597
-0,0429798315042432	-0,0114722694756937	0,87409696357107	0,469780281603249	0,123535360494911	0,1211482278	-0,2431724005	0,403091654	0,1149712831	-0,2464921773	0,4022186718
-0,0431264880481702	-0,0116937081964869	0,863407504995667	0,489073314848606	0,123833650596895	0,1272349367	-0,2397246115	0,4039646362	0,1211482278	-0,2431724005	0,403091654
-0,0431902264527471	-0,012033279534296	0,852293122068405	0,508121465793265	0,12413303377826	0,1332325587	-0,2361489397	0,4048381655	0,1272349367	-0,2397246115	0,4039646362
-0,0431489853668153	-0,0124738583233987	0,840758468634694	0,526916947213284	0,124433629531883	0,1391347191	-0,2324499602	0,4057116949	0,1332325587	-0,2361489397	0,4048381655
-0,0429812460327132	-0,0129978842402605	0,828768161012685	0,545512672216491	0,124736761794091	0,1449757841	-0,2286052481	0,4065908256	0,1391347191	-0,2324499602	0,4057116949
-0,0426675707736357	-0,0135844700061694	0,816318100999995	0,56390518139717	0,125042810161911	0,1507150216	-0,2246406346	0,4074699564	0,1449757841	-0,2286052481	0,4065908256
-0,0421897782425458	-0,0142114336733812	0,803417020542221	0,582072271624961	0,125351353037844	0,1563858328	-0,2205321556	0,4083547321	0,1507150216	-0,2246406346	0,4074699564
-0,0415332354281079	-0,0148551561312668	0,79007261197477	0,599995299641417	0,125661880518994	0,1619506762	-0,2163061138	0,4092398263	0,1563858328	-0,2205321556	0,4083547321
-0,0406887358224446	-0,0154892386283822	0,776326381580537	0,617614703349447	0,125973915826433	0,1674051544	-0,2119667457	0,4101249205	0,1619506762	-0,2163061138	0,4092398263
-0,0396498840669401	-0,0160892752293498	0,762180571581684	0,634926889155967	0,126287852662652	0,1727468039	-0,2075169381	0,4110099935	0,1674051544	-0,2119667457	0,4101249205
-0,0384140494140716	-0,0166316333965751	0,747641363050551	0,651923226961652	0,126603706121979	0,1779734843	-0,2029594129	0,4118950664	0,1727468039	-0,2075169381	0,4110099935
-0,0369805534548275	-0,0170943307825169	0,732712337447241	0,668598297582633	0,126921026714269	0,1830950311	-0,1982860134	0,4127822249	0,1779734843	-0,2029594129	0,4118950664
-0,0353542781989055	-0,0174562179827548	0,717396971086865	0,684946405084669	0,127239962421327	0,1880969561	-0,1935103443	0,4136693833	0,1830950311	-0,1982860134	0,4127822249
-0,0335362422664995	-0,0176984236130113	0,701636351063766	0,701023745990197	0,127562292327297	0,1930236028	-0,1885879991	0,4145650814	0,1880969561	-0,1935103443	0,4136693833
-0,031537962011566	-0,0178029629440995	0,685426347385471	0,716823065099335	0,127888293644908	0,1978241606	-0,1835675464	0,4154607796	0,1930236028	-0,1885879991	0,4145650814
-0,0293714110741338	-0,0177529472672578	0,668769695959146	0,732330076505723	0,12821759946214	0,2025481874	-0,1783945445	0,4163664776	0,1978241606	-0,1835675464	0,4154607796
-0,0270487265735428	-0,0175346914271902	0,651627078659902	0,74756727996248	0,128550815970419	0,2071642458	-0,1730988557	0,4172771182	0,2025481874	-0,1783945445	0,4163664776
-0,0246047890026671	-0,0171386525687216	0,634087663224879	0,762444138166997	0,128886661531746	0,2116443523	-0,1677118546	0,4181877588	0,2071642458	-0,1730988557	0,4172771182
-0,0220627129104031	-0,0165584354175864	0,616130386650603	0,776971023942034	0,129226060066252	0,2160184922	-0,1621958469	0,4191051829	0,2116443523	-0,1677118546	0,4181877588
-0,0194513536241736	-0,0157927188298655	0,597767884878246	0,79112928059563	0,129568581038878	0,2202510512	-0,156594172	0,420022607	0,2160184922	-0,1621958469	0,4191051829
-0,0168084442100185	-0,0148456831124542	0,579070064829797	0,804860587370198	0,129912643403611	0,2243488948	-0,1508985006	0,420941946	0,2202510512	-0,156594172	0,420022607
-0,0141661769022138	-0,0137250396745783	0,560037951412117	0,818162666413776	0,130258758879465	0,2283015252	-0,1451240801	0,421861285	0,2243488948	-0,1508985006	0,420941946
-0,011559376036134	-0,012443027801793	0,540685611316878	0,831023962271479	0,130607212073089	0,2321093583	-0,1392715098	0,4227810995	0,2283015252	-0,1451240801	0,421861285
-0,00902041738061204	-0,0110150303280508	0,521023365489322	0,843436219763915	0,130957992518737	0,2357688894	-0,1333474356	0,423700914	0,2321093583	-0,1392715098	0,4227810995
-0,00657972386141283	-0,00945891679447269	0,501072054780484	0,855385530066878	0,131310284708662	0,2392837124	-0,1273472432	0,4246220039	0,2357688894	-0,1333474356	0,423700914
-0,00426729780541257	-0,00779615933857291	0,480836576270777	0,866868309577485	0,131664424847678	0,2426475194	-0,1212828591	0,4255430938	0,2392837124	-0,1273472432	0,4246220039
-0,00211030990932456	-0,00604983701301142	0,460306965067346	0,877888320870878	0,132021187651828	0,2458663492	-0,1151439707	0,4264662902	0,2426475194	-0,1212828591	0,4255430938
-0,000134256352703055	-0,00424601962526051	0,439487598709888	0,888440189956316	0,132380812244831	0,2489312448	-0,1089481726	0,4273894866	0,2458663492	-0,1151439707	0,4264662902
0,00164022532479966	-0,00240983500069016	0,418381063767182	0,89851912900373	0,132742835194294	0,2518555046	-0,1026680046	0,428317288	0,2489312448	-0,1089481726	0,4273894866
0,00319350578415105	-0,000570155202136938	0,396996894647815	0,908116686069508	0,133107288012814	0,2546227033	-0,09633813314	0,4292450895	0,2518555046	-0,1026680046	0,428317288
0,00451291888569963	0,00125000207331352	0,375250745836209	0,917262753817047	0,133476283321553	0,2572639655	-0,08988183301	0,4301845836	0,2546227033	-0,09633813314	0,4292450895
0,00558466179784139	0,00302021025630175	0,353140610812638	0,925945914494204	0,13385018650106	0,2597426585	-0,08338262112	0,4311240777	0,2572639655	-0,08988183301	0,4301845836
0,00639677344461865	0,00471105849948199	0,330665130520859	0,934153731624564	0,134228823840211	0,2620917963	-0,07674613109	0,4320776769	0,2597426585	-0,08338262112	0,4311240777
0,00694556407310679	0,00630016834209348	0,307710984694006	0,941909246044764	0,134613974438129	0,2642959278	-0,06999924215	0,4330419158	0,2620917963	-0,07674613109	0,4320776769
0,00722269638034288	0,00774497953154536	0,284442238457273	0,949139960683254	0,135003511123256	0,2663275066	-0,06322017645	0,4340061547	0,2642959278	-0,06999924215	0,4330419158
0,00722981423424622	0,00902110597826699	0,260757688215369	0,955862068393671	0,135399904884562	0,2682208021	-0,05627990418	0,4349892591	0,2663275066	-0,06322017645	0,4340061547
0,00697520373625819	0,0101019262154113	0,236684345585409	0,962049008815028	0,135802154595682	0,2699342169	-0,04931540044	0,4359723635	0,2682208021	-0,05627990418	0,4349892591
0,00646970314337093	0,0109577733779258	0,212318955063159	0,967661000829221	0,136208842573006	0,2714863758	-0,04224130932	0,436968119	0,2699342169	-0,04931540044	0,4359723635
0,00573357162163934	0,0115703893486516	0,187659328884074	0,972686377288577	0,136620597715	0,2728541257	-0,03515191119	0,4379638745	0,2714863758	-0,04224130932	0,436968119
0,00479248260206075	0,0119224094331248	0,162791511081233	0,977097667114374	0,137036757257082	0,2740439259	-0,02801056216	0,43896544	0,2728541257	-0,03515191119	0,4379638745
0,00367627154482662	0,0120069653460232	0,137751122985767	0,980882450732623	0,137456342017834	0,2750476394	-0,0208634338	0,4399670056	0,2740439259	-0,02801056216	0,43896544
0,0024196150424817	0,0118218577949921	0,112614166436721	0,984026250109898	0,137878165829166	0,2758669369	-0,01370438559	0,4409701053	0,2750476394	-0,0208634338	0,4399670056
0,00105770509609951	0,0113722052208937	0,0873809502426995	0,986527659620667	0,138303095909138	0,276500703	-0,006549190028	0,4419732051	0,2758669369	-0,01370438559	0,4409701053
-0,000372207005144883	0,0106688268640096	0,0620765194888047	0,988382585720429	0,138731286928203	0,2769495178	0,0005968409703	0,4429762358	0,276500703	-0,006549190028	0,4419732051
-0,0018337424678421	0,00972779731539108	0,0367413832241886	0,989587843031358	0,139161674620989	0,2772143374	0,007729459118	0,4439792666	0,2769495178	0,0005968409703	0,4429762358
0,000723029250313135	0,000629847218645926	0,0114004458922678	0,990143192483077	0,139594012095356	0,277296209	0,01484011147	0,4449817524	0,2772143374	0,007729459118	0,4439792666
0,00470972008104823	-0,00722184430065878	0,0139460015184629	0,990049157684823	0,140029191275316	0,2771963679	0,02192799231	0,4459842382	0,277296209	0,01484011147	0,4449817524
0,00843663858555527	-0,00233380650249696	0,0899109758891914	0,985867945804206	0,141352077630466	0,275817304	0,04302364522	0,4489938253	0,2764557446	0,03602318597	0,4479901113
0,00605899336009478	-0,00571088367400278	0,0393030834423093	0,989304831294954	0,140467855427457	0,276915745	0,02899160072	0,4469871747	0,2771963679	0,02192799231	0,4459842382
0,00730977531333162	-0,00406991230997045	0,0646282997398457	0,987910878302028	0,140908762698604	0,2764557446	0,03602318597	0,4479901113	0,276915745	0,02899160072	0,4469871747
0,00941956231337745	-0,000536458935311066	0,115198998361493	0,983169394384388	0,141799621728492	0,2749987754	0,05000940273	0,4500013605	0,275817304	0,04302364522	0,4489938253
0,0102419413615951	0,00128740899654577	0,14053751574217	0,979802730406405	0,142252649033942	0,2739981605	0,05698551303	0,451014187	0,2749987754	0,05000940273	0,4500013605
0,010887726361458	0,00309441499987978	0,165834420616976	0,975773071351635	0,142708998187321	0,2728212094	0,06391071701	0,4520270136	0,2739981605	0,05698551303	0,451014187
0,0113480984117463	0,00484903355578213	0,191156105621327	0,971062061999661	0,143170580178524	0,2714534151	0,07085903367	0,4530514533	0,2728212094	0,06391071701	0,4520270136
0,0116178747121808	0,00651025521926799	0,216500766440831	0,965658057780131	0,143638203744118	0,2699093135	0,07774618782	0,454075893	0,2714534151	0,07085903367	0,4530514533
0,0116947400896636	0,00803757943652274	0,241872226234958	0,959546448883247	0,144112590052691	0,268167156	0,08465760989	0,4551139073	0,2699093135	0,07774618782	0,454075893
0,0115835476731218	0,00939150238918639	0,267225057862639	0,952724435229356	0,144592250716328	0,2662487722	0,09149712987	0,4561519216	0,268167156	0,08465760989	0,4551139073
0,0112916024479399	0,0105324280317505	0,292562888824769	0,945176808734878	0,145078448820827	0,2641257744	0,09835585448	0,4572046909	0,2662487722	0,09149712987	0,4561519216
0,0108338658283699	0,0114253395114224	0,317881007010699	0,936888722997695	0,145571927587746	0,2618268742	0,1051313888	0,4582574601	0,2641257744	0,09835585448	0,4572046909
0,0102283335637865	0,0120347370509458	0,343126994941754	0,927861417327033	0,146072090346207	0,2593227743	0,1119028108	0,4593234768	0,2618268742	0,1051313888	0,4582574601
0,0094993886050041	0,0123338991588685	0,368260976191261	0,918095199680387	0,146577821441343	0,256644522	0,1185798435	0,4603894936	0,2593227743	0,1119028108	0,4593234768
0,00867567535939809	0,0122979366151021	0,393220564741061	0,907602527799528	0,147089221211574	0,2537718842	0,1252102529	0,4614640408	0,256644522	0,1185798435	0,4603894936
0,00778859836364618	0,0119124035566355	0,417997334050988	0,896376255672527	0,147607035715669	0,250728954	0,1317356782	0,4625385881	0,2537718842	0,1252102529	0,4614640408
0,00687332381863626	0,0111688122894498	0,442486476594669	0,884456665466109	0,148128744487376	0,2475091734	0,1381714826	0,4636164562	0,250728954	0,1317356782	0,4625385881
0,00596407113357991	0,0100669841779955	0,466666048647906	0,871851314372909	0,148654245366829	0,2441254527	0,1444931367	0,4646943243	0,2475091734	0,1381714826	0,4636164562
0,00509598250799028	0,00861441346569074	0,490502201377167	0,85857539335142	0,149184062069672	0,24058016	0,1506988195	0,4657726093	0,2441254527	0,1444931367	0,4646943243
0,00430193462677556	0,00682539571426015	0,513967716510274	0,844642931909871	0,149718081606439	0,2368818691	0,1567765072	0,4668499163	0,24058016	0,1506988195	0,4657726093
0,00361228342455196	0,00471967635397031	0,53701657571636	0,830082361095127	0,150254687795803	0,2330315282	0,1627280927	0,4679272234	0,2368818691	0,1567765072	0,4668499163
0,00305416346477692	0,00232319724054827	0,55963585011835	0,814904137846174	0,150794434192694	0,2290394089	0,1685411487	0,4690029039	0,2330315282	0,1627280927	0,4679272234
0,00265081573158126	-0,000334232383092543	0,581824747827663	0,799109891859586	0,151338506492683	0,2249039274	0,1742210449	0,4700785845	0,2290394089	0,1685411487	0,4690029039
0,00242075020517862	-0,00322223486079175	0,603580721881565	0,782700934566993	0,151886665645423	0,2206252127	0,1797695223	0,4711552917	0,2249039274	0,1742210449	0,4700785845
0,00237859875374313	-0,00630396435307996	0,624875041435513	0,765698253799337	0,152438075032491	0,2162115683	0,1851778353	0,4722319989	0,2206252127	0,1797695223	0,4711552917
0,0025343619441728	-0,00954347065120018	0,645727940185967	0,74808294000979	0,152994582026613	0,211653088	0,190458885	0,4733120556	0,2162115683	0,1851778353	0,4722319989
0,00289365975147679	-0,0129062226867216	0,666171117801798	0,729819129555274	0,153558067003612	0,2069484113	0,1956130608	0,4743965233	0,211653088	0,190458885	0,4733120556
0,00345611068473726	-0,0163437850535956	0,686131554593254	0,710963204073765	0,154125962266618	0,2021206235	0,2006155701	0,4754809909	0,2069484113	0,1956130608	0,4743965233
0,00421820908992498	-0,0198200278395231	0,705636788046711	0,691480022574274	0,154700037930834	0,1971314839	0,2055046156	0,4765747832	0,2021206235	0,2006155701	0,4754809909
0,00516906554846495	-0,0232900948974161	0,724679488451949	0,671362277669199	0,155281457810798	0,1920268896	0,210233647	0,4776685755	0,1971314839	0,2055046156	0,4765747832
0,00629473815084862	-0,0267119860672105	0,743248698808578	0,650604100373391	0,155870703779403	0,1867578075	0,2148459476	0,4787735832	0,1920268896	0,210233647	0,4776685755
0,00757364320032183	-0,0300418727316187	0,761305028824247	0,629232059291638	0,156466190106735	0,1813812599	0,2192897592	0,4798785909	0,1867578075	0,2148459476	0,4787735832
0,00897984240869948	-0,0332347179033082	0,778828298209963	0,607252644990674	0,157069115548547	0,1758514457	0,2236013569	0,4809938085	0,1813812599	0,2192897592	0,4798785909
0,010487538577349	-0,0362620156633718	0,795869042386633	0,584575584758282	0,157682760868451	0,1701796587	0,2277673541	0,4821175399	0,1758514457	0,2236013569	0,4809938085
0,0120554012420948	-0,0390713353071867	0,812307130138573	0,561335334105984	0,158302776381713	0,1644133978	0,2317520612	0,4832412714	0,1701796587	0,2277673541	0,4821175399
0,0136490823680616	-0,0416356492587308	0,828166769587042	0,537476187135687	0,158931274498908	0,1584785448	0,2356037518	0,4843802132	0,1644133978	0,2317520612	0,4832412714
0,0152267689069411	-0,0439254049159928	0,843433549760868	0,51298867987551	0,159569613201772	0,1524584655	0,2392652525	0,485519155	0,1584785448	0,2356037518	0,4843802132
0,0167411434266578	-0,0459082041539044	0,858044841253211	0,487944421664811	0,160216390437885	0,1463040428	0,2427650885	0,486668325	0,1524584655	0,2392652525	0,485519155
0,0181479357144641	-0,0475666825265922	0,871966340948367	0,462380308503576	0,160869980298544	0,1400751762	0,246068089	0,4878174951	0,1463040428	0,2427650885	0,486668325
0,0193997401144387	-0,0488837200333424	0,885154463287976	0,436359385763388	0,161530376640351	0,1337526564	0,2491849358	0,4889712813	0,1400751762	0,246068089	0,4878174951
0,0204565035525229	-0,0498568652465727	0,897616547503649	0,409848561365764	0,162199538821922	0,127348433	0,2521090817	0,4901285261	0,1337526564	0,2491849358	0,4889712813
0,0212772411198881	-0,050485657503751	0,909297186159879	0,382949929354634	0,162874119641545	0,1208877415	0,2548299978	0,4912857709	0,127348433	0,2521090817	0,4901285261
0,0218272400233049	-0,050778292996031	0,920196668840891	0,355651053714146	0,163555552171562	0,1143439773	0,2573591274	0,4924488581	0,1208877415	0,2548299978	0,4912857709
0,0220758944494312	-0,0507480718030991	0,930338709037497	0,327860618764691	0,164247682265772	0,1077130621	0,2596959279	0,4936195204	0,1143439773	0,2573591274	0,4924488581
0,0219955860706549	-0,0504129301478694	0,939670339089028	0,299686413169463	0,164947590458098	0,1010440545	0,2618228557	0,4947901828	0,1077130621	0,2596959279	0,4936195204
0,021562989256973	-0,04979391276935	0,948189075921761	0,271100481667652	0,165656286153604	0,09427019923	0,2637595954	0,49597363	0,1010440545	0,2618228557	0,4947901828
0,0207580309315324	-0,0489144925386763	0,955912574126586	0,241969512960323	0,166378801006706	0,08740994651	0,2654961266	0,4971676729	0,09427019923	0,2637595954	0,49597363
0,0195741197293203	-0,0478104234038384	0,962771729811962	0,212472123385598	0,167111319361968	0,08053075455	0,2670142814	0,4983617159	0,08740994651	0,2654961266	0,4971676729
0,0180023411266173	-0,0465124283148459	0,968759528021768	0,182564458737445	0,167854684989563	0,07353315394	0,2683329917	0,4995741737	0,08053075455	0,2670142814	0,4983617159
0,0160485959555152	-0,045060132550927	0,97385362167937	0,152248661646484	0,16861040468734	0,06653028529	0,2694277942	0,5007866316	0,07353315394	0,2683329917	0,4995741737
0,013729613865621	-0,0434988258424478	0,978017048270776	0,121630145116729	0,169377569620661	0,05946557957	0,2703063895	0,5020101304	0,06653028529	0,2694277942	0,5007866316
0,0110696720111553	-0,0418724985557736	0,981227990964246	0,0907709439923645	0,170153652546764	0,0524100086	0,2709590827	0,5032336291	0,05946557957	0,2703063895	0,5020101304
0,00810743663721735	-0,0402299655357407	0,983466688823946	0,0597791901281217	0,170937767626961	0,04534941837	0,2713882547	0,5044608405	0,0524100086	0,2709590827	0,5032336291
0,00488405741301464	-0,0386143791817892	0,984726537311947	0,0286706293916314	0,171731306767025	0,03831588785	0,2715930382	0,5056874525	0,04534941837	0,2713882547	0,5044608405
0,00145039025124759	-0,0370685361181899	0,985001077274464	0,00244491842946599	0,172530867215172	0,03131300157	0,271575656	0,5069140644	0,03831588785	0,2715930382	0,5056874525
-0,00214104373897279	-0,035629429037737	0,984291718154827	0,0335295201459388	0,173336622935264	0,02435587354	0,2713386641	0,5081392348	0,03131300157	0,271575656	0,5069140644
-0,00583562433116116	-0,0343293161089935	0,982599244652979	0,0645778356876426	0,174150588702119	0,01744365568	0,2708843832	0,509364319	0,02435587354	0,2713386641	0,5081392348
-0,00957891060917842	-0,0331946839045919	0,979925756459341	0,0955535031905305	0,174971540130405	0,0105825881	0,2702153539	0,5105894032	0,01744365568	0,2708843832	0,509364319
-0,0133147987312811	-0,0322474055731959	0,976273553034267	0,126429984724063	0,175799341888762	0,003774176906	0,2693336468	0,5118154061	0,0105825881	0,2702153539	0,5105894032
-0,016998142714733	-0,0315019893235075	0,971623219968281	0,157311398703013	0,176639299864357	-0,003016477609	0,2682342007	0,5130499345	0,003774176906	0,2693336468	0,5118154061
-0,020569765889738	-0,0309713417253735	0,965971138972464	0,188140989067783	0,17749007551082	-0,009735269075	0,2669255901	0,5142844629	-0,003016477609	0,2682342007	0,5130499345
-0,0239804619219467	-0,0306628943234406	0,959298407307607	0,218944785356607	0,178352871303601	-0,01645564461	0,26539177	0,5155339159	-0,009735269075	0,2669255901	0,5142844629
-0,0271877210374831	-0,0305782969754071	0,951551515290609	0,249849849254841	0,179233832117375	-0,02314703393	0,2636348051	0,5167943031	-0,01645564461	0,26539177	0,5155339159
-0,0301173166165667	-0,0307160011790231	0,942761891359334	0,280631488825568	0,180127687155852	-0,02974371617	0,2616711738	0,5180546904	-0,02314703393	0,2636348051	0,5167943031
-0,0327229279365563	-0,0310668699405787	0,932914435898817	0,31128312184529	0,181034453477348	-0,03631954164	0,2594770353	0,5193307463	-0,02974371617	0,2616711738	0,5180546904
-0,034965428317697	-0,0316156638046402	0,921960791651221	0,341876031865692	0,181958999485113	-0,04282051263	0,2570663838	0,5206137837	-0,03631954164	0,2594770353	0,5193307463
-0,0367905533364722	-0,0323377646320099	0,909959922081962	0,372185365718086	0,182896128307527	-0,04920398676	0,2544554604	0,5218968212	-0,04282051263	0,2570663838	0,5206137837
-0,0381692730916687	-0,0332060090292347	0,896907920262195	0,402190444947425	0,183845121131718	-0,05551673858	0,2516247033	0,5231907875	-0,04920398676	0,2544554604	0,5218968212
-0,0390816245560891	-0,0341913920047056	0,882732883470167	0,43200340595166	0,184812644823372	-0,06174988558	0,248574244	0,5244957852	-0,05551673858	0,2516247033	0,5231907875
-0,0395058760620394	-0,035253331096011	0,867487517862841	0,461460283427316	0,185795083819105	-0,06784299152	0,2453330142	0,5258007828	-0,06174988558	0,248574244	0,5244957852
-0,0394317969374045	-0,0363541962123342	0,851151067188597	0,490561214041176	0,186792815981128	-0,07386882513	0,2418600229	0,5271232066	-0,06784299152	0,2453330142	0,5258007828
-0,0388567358613732	-0,0374551290702676	0,833636192309169	0,519400791866717	0,187812449748407	-0,0797857082	0,2381734822	0,5284562393	-0,07386882513	0,2418600229	0,5271232066
-0,0377909754225941	-0,0385039015425163	0,815053482190934	0,547744745612466	0,188847861577427	-0,08553897973	0,2343070804	0,5297892721	-0,0797857082	0,2381734822	0,5284562393
-0,0362492095304221	-0,0394565647253802	0,7953901830743	0,575580403926761	0,189899066044409	-0,09118974336	0,2302179316	0,5311383895	-0,08553897973	0,2343070804	0,5297892721
-0,034250764812174	-0,0402709616775209	0,774547902905595	0,602996446972369	0,190973377839017	-0,09670564849	0,2259237218	0,5324983971	-0,09118974336	0,2302179316	0,5311383895
-0,031841426864129	-0,0408974363835358	0,752656336758833	0,629777525467948	0,192064330765089	-0,1020352083	0,2214642669	0,5338584047	-0,09670564849	0,2259237218	0,5324983971
-0,0290586433616539	-0,0412951022631967	0,729701310652383	0,655911857030458	0,193172547322465	-0,1072347993	0,2167904732	0,5352348833	-0,1020352083	0,2214642669	0,5338584047
-0,0259432578796842	-0,0414268413827032	0,705590494196025	0,681459915932628	0,194305011457	-0,1122659688	0,2119313653	0,5366203632	-0,1072347993	0,2167904732	0,5352348833
-0,0225698825303829	-0,0412576831628858	0,680490522759225	0,706208472485883	0,195453937857572	-0,1170896421	0,2069253897	0,5380058431	-0,1122659688	0,2119313653	0,5366203632
-0,0189945707762006	-0,0407600432507093	0,654392528233081	0,730144356296371	0,196620543080507	-0,1217464608	0,2017295023	0,5394050434	-0,1170896421	0,2069253897	0,5380058431
-0,0152710459138303	-0,0399113683327094	0,62720017987267	0,753319503350668	0,197812184253632	-0,1262117318	0,196366341	0,5408133418	-0,1217464608	0,2017295023	0,5394050434
-0,0114853611115801	-0,0387014947812706	0,59908942127756	0,775553127870987	0,199020629993091	-0,1304509738	0,1908784167	0,5422216401	-0,1262117318	0,196366341	0,5408133418
-0,00769271791393091	-0,0371190299823341	0,569987042026162	0,796877801779861	0,200251194635044	-0,1345136356	0,1851985595	0,5436489583	-0,1304509738	0,1908784167	0,5422216401
-0,00396155637785482	-0,0351667809288184	0,539890215588197	0,817259836561246	0,201506611941185	-0,1383378033	0,1794097184	0,5450762764	-0,1345136356	0,1851985595	0,5436489583
-0,000364238343039629	-0,032854358759468	0,508897128807424	0,836602028500165	0,202782539191543	-0,1419587229	0,1734571034	0,5465191206	-0,1383378033	0,1794097184	0,5450762764
0,00305267612256901	-0,0301876583778887	0,476861126918819	0,854957071598487	0,204087901056025	-0,1453632342	0,1673532068	0,5479761896	-0,1419587229	0,1734571034	0,5465191206
0,00620957859670953	-0,0272057588706117	0,443972407984652	0,872176758766358	0,205417142459239	-0,1485124282	0,1611666651	0,5494332586	-0,1453632342	0,1673532068	0,5479761896
0,00905901279188884	-0,0239325135374137	0,410203199694104	0,888244774272649	0,206771748404008	-0,1514480061	0,1548100308	0,5509129998	-0,1485124282	0,1611666651	0,5494332586
0,011563471092652	-0,0203936129020259	0,375395356746068	0,903187047872953	0,208162154792923	-0,154140531	0,1483319176	0,5524060438	-0,1514480061	0,1548100308	0,5509129998
0,013659495241835	-0,0166630839222591	0,339869519510446	0,916824144284531	0,209576234732557	-0,1565617986	0,1418003622	0,5538990878	-0,154140531	0,1483319176	0,5524060438
0,015319990635429	-0,0127815873219012	0,303549596974918	0,929154632645646	0,21101969294239	-0,1587442644	0,1351199112	0,5554162806	-0,1565617986	0,1418003622	0,5538990878
0,016522422483175	-0,00880960653219228	0,266445573086042	0,940134138298992	0,212496020168998	-0,1606466497	0,1284074808	0,5569334734	-0,1587442644	0,1351199112	0,5554162806
0,0172462892425185	-0,0048143661539751	0,228682193524937	0,949688414595124	0,214000863429152	-0,1622907444	0,1215797621	0,5584720177	-0,1606466497	0,1284074808	0,5569334734
0,0174901358628226	-0,000862474107468762	0,1902806606464	0,95777699707271	0,215537685944596	-0,1636489998	0,1147429886	0,560010562	-0,1622907444	0,1215797621	0,5584720177
0,0172567069826704	0,00297073245178756	0,151369130736485	0,964340694758821	0,217104607717466	-0,1647328359	0,1078380982	0,5615650785	-0,1636489998	0,1147429886	0,560010562
0,0165626810921825	0,00663014928925716	0,111904259695718	0,969353228692035	0,218704720310926	-0,165533235	0,1009047656	0,5631293716	-0,1647328359	0,1078380982	0,5615650785
0,015436861775983	0,0100317499453539	0,0721100373892167	0,972755173312922	0,220335006979536	-0,1660451883	0,09399858112	0,5646936647	-0,165533235	0,1009047656	0,5631293716
0,0139124875151911	0,0131201014659062	0,0320258954328251	0,974521794602858	0,221994625758712	-0,1662730546	0,08706479605	0,5662731707	-0,1660451883	0,09399858112	0,5646936647
0,00103036977288097	-0,00126956342996964	0,00850250025868282	0,974621956412852	0,223695662826384	-0,1662124456	0,08011732644	0,567867757	-0,1662730546	0,08706479605	0,5662731707
-0,00982663311130906	-0,0181626665866421	0,0492074161492458	0,973015897569524	0,225430018570927	-0,1658643754	0,073234668	0,5694623433	-0,1662124456	0,08011732644	0,567867757
-0,00736675364155795	-0,0200110581274696	0,0901147826698748	0,969669224986061	0,227202376878616	-0,1652221932	0,06632454407	0,5710814486	-0,1658643754	0,073234668	0,5694623433
-0,00468792992732606	-0,0213668112196517	0,131397932002119	0,964510828259057	0,229027172266946	-0,1642837297	0,05943586482	0,5727171946	-0,1652221932	0,06632454407	0,5710814486
-0,00186943138802235	-0,0221875628935663	0,172620396499692	0,957545671303468	0,230886305527807	-0,1630607766	0,05265199993	0,5743529406	-0,1642837297	0,05943586482	0,5727171946
0,00103954488364188	-0,0224537330223075	0,213914600605507	0,948708094324324	0,232794964316877	-0,1615292852	0,04585985819	0,5760196033	-0,1630607766	0,05265199993	0,5743529406
0,00397649521127708	-0,022157452325739	0,255171011929606	0,937965903491056	0,234750332393859	-0,1597176413	0,03920055863	0,577686266	-0,1615292852	0,04585985819	0,5760196033
0,00687704414827503	-0,0212929704198236	0,296250681227393	0,925301747973926	0,236753477416286	-0,1575982176	0,03258080523	0,5793800374	-0,1597176413	0,03920055863	0,577686266
0,00968344045524679	-0,0198761820783627	0,337076212248523	0,910687090689801	0,238806720984009	-0,1552074554	0,02612162421	0,5810738089	-0,1575982176	0,03258080523	0,5793800374
0,0123403990643758	-0,0179254367977434	0,377512624214106	0,894118193290013	0,240908436935659	-0,1525112749	0,0197358668	0,5827943676	-0,1552074554	0,02612162421	0,5810738089
0,014800913370941	-0,0154783839741533	0,417499891791229	0,875564623904027	0,243064661606971	-0,1495559583	0,01353809114	0,5845149262	-0,1525112749	0,0197358668	0,5827943676
0,0170184729668301	-0,0125803990783909	0,456832863742757	0,855071337952516	0,245268713081561	-0,1463109336	0,007464255757	0,5862571455	-0,1495559583	0,01353809114	0,5845149262
0,0189700457973674	-0,00927335871902166	0,495616742122268	0,832519813163057	0,247537483260733	-0,142791695	0,00155276082	0,5880148413	-0,1463109336	0,007464255757	0,5862571455
0,0206177290890126	-0,00564027972040089	0,533474321294276	0,808070708786884	0,249853713441035	-0,1390387569	-0,004131935199	0,589772537	-0,142791695	0,00155276082	0,5880148413
0,0219529264573072	-0,0017311047852594	0,570511282318358	0,781597022556598	0,25223594327162	-0,1349864587	-0,00968355934	0,5915641497	-0,1390387569	-0,004131935199	0,589772537
0,0229691354614642	0,00237688318608088	0,606601622969496	0,753107544084531	0,25468313264474	-0,1307192143	-0,01498142507	0,5933557624	-0,1349864587	-0,00968355934	0,5915641497
0,0236641648694309	0,0066126495094542	0,641684675126146	0,722555639808932	0,257204442202224	-0,1261469045	-0,02012997912	0,5951884669	-0,1307192143	-0,01498142507	0,5933557624
0,0240487142057268	0,0108904004306631	0,675637961327048	0,689939238127023	0,259802218825269	-0,1213807992	-0,02499696891	0,5970211714	-0,1261469045	-0,02012997912	0,5951884669
0,0241351506328111	0,0151307592363462	0,708378124996318	0,655211464282488	0,26248498833171	-0,116300537	-0,02969593676	0,5989036301	-0,1213807992	-0,02499696891	0,5970211714
0,0239498944547452	0,0192438086452389	0,739773484699186	0,618363640613035	0,265257609323119	-0,1110505725	-0,03408428972	0,6007860888	-0,116300537	-0,02969593676	0,5989036301
0,0235190921565458	0,0231403234932693	0,769689916975871	0,579383791558465	0,268126562997804	-0,1054854737	-0,03827341572	0,6027247277	-0,1110505725	-0,03408428972	0,6007860888
0,0228828023740192	0,0267320322172041	0,797980055542706	0,538269104799058	0,271098140485839	-0,09977907094	-0,04212261005	0,6046633666	-0,1054854737	-0,03827341572	0,6027247277
0,0220814524706215	0,0299213282780791	0,824427927981624	0,49512443339926	0,274172184976864	-0,09378832325	-0,04572045706	0,6066556528	-0,09977907094	-0,04212261005	0,6046633666
0,021164678656584	0,0326312493127365	0,848880721874293	0,449972656264456	0,277355599627064	-0,08769068776	-0,04895267705	0,608647939	-0,09378832325	-0,04572045706	0,6066556528
0,0201835087926441	0,0347744767392652	0,871090669246498	0,403039730265277	0,280642159661339	-0,08137163255	-0,0518764029	0,6106837699	-0,08769068776	-0,04895267705	0,608647939
0,0191893383830843	0,0362969725833093	0,890916149342511	0,354387455580978	0,284038634991004	-0,0749860416	-0,05441645488	0,6127196007	-0,08137163255	-0,0518764029	0,6106837699
0,018234105694764	0,037142571959579	0,908128016687218	0,304348245365724	0,287533738629999	-0,06846862204	-0,05660069011	0,6147831622	-0,0749860416	-0,05441645488	0,6127196007
0,0173579261371188	0,0372870946895284	0,922675220210098	0,252787616003299	0,291150921698034	-0,06186789825	-0,05840910676	0,616866026	-0,06846862204	-0,05660069011	0,6147831622
0,0166046165860837	0,0367162587819679	0,934329236541774	0,200204963483189	0,294867513198658	-0,05526805069	-0,05982330016	0,6189488899	-0,06186789825	-0,05840910676	0,616866026
0,0160014011259933	0,0354228544920958	0,943043966521532	0,146415537102603	0,298714860196628	-0,04854867894	-0,06086653935	0,6210772914	-0,05526805069	-0,05982330016	0,6189488899
0,015571390638551	0,0334252586972072	0,94867781059892	0,091572307092663	0,302696092229429	-0,04187807026	-0,06151042816	0,6232056928	-0,04854867894	-0,06086653935	0,6210772914
0,0153317938821537	0,0307317550210414	0,95109451548307	0,0356828375659128	0,306832132804354	-0,03509593907	-0,06176487783	0,6253936728	-0,04187807026	-0,06151042816	0,6232056928
0,0152890820686202	0,0273880002359217	0,950133094887357	0,0210934672366546	0,311130467231529	-0,02841426584	-0,06161654108	0,6275816527	-0,03509593907	-0,06176487783	0,6253936728
0,0154453869430972	0,0234291622915182	0,945626243696758	0,0786331378707232	0,315607092538434	-0,02165181368	-0,06105421232	0,6298386521	-0,02841426584	-0,06161654108	0,6275816527
0,0157891137754055	0,018929418772347	0,937402802254477	0,1367521491159	0,320273064801953	-0,01504583307	-0,06009050489	0,6320956516	-0,02165181368	-0,06105421232	0,6298386521
0,0163050741020663	0,0139539135350158	0,925286286803679	0,19525799066768	0,32514551286075	-0,008403326997	-0,05868877398	0,6344298276	-0,01504583307	-0,06009050489	0,6320956516
0,016964454819232	0,00860273512810951	0,909107786440296	0,253906823942901	0,330233792015375	-0,001977523409	-0,05689409638	0,6367640035	-0,008403326997	-0,05868877398	0,6344298276
0,0177330118078413	0,00299481321372265	0,888776806300947	0,312230738035564	0,335540988267091	0,004378089053	-0,05466134508	0,6391634456	-0,001977523409	-0,05689409638	0,6367640035
0,0185745474767785	-0,00280831134662611	0,863929994138861	0,370481293120115	0,341128387378236	0,01057766536	-0,05200276503	0,6416113887	0,004378089053	-0,05466134508	0,6391634456
0,0194351478465445	-0,00860174569191975	0,834771946383583	0,42753874321111	0,346938640950282	0,01646768135	-0,04898612073	0,6440593317	0,01057766536	-0,05200276503	0,6416113887
0,020269044771177	-0,0142838468090517	0,801118990382135	0,483310195374297	0,353015039759452	0,02219228913	-0,04553249981	0,6465818941	0,01646768135	-0,04898612073	0,6440593317
0,0210323448192333	-0,0197791157636347	0,762502701430203	0,537954898501152	0,359435887871896	0,02765372757	-0,04167938879	0,6491563597	0,02219228913	-0,04553249981	0,6465818941
0,0216690717260931	-0,0248750748492842	0,719430619438252	0,590230039215258	0,36612577705298	0,03271250654	-0,03752910212	0,6517308253	0,02765372757	-0,04167938879	0,6491563597
0,0221367551315357	-0,0294733319614426	0,671720453957668	0,639967473567554	0,373139738583907	0,0374933777	-0,03297422811	0,6543865923	0,03271250654	-0,03752910212	0,6517308253
0,0223980188870136	-0,0335112045980578	0,618706914167154	0,687279028553332	0,380590713592104	0,041922686	-0,02805401365	0,6571112323	0,0374933777	-0,03297422811	0,6543865923
0,0224183096359638	-0,0368187839094858	0,561221825536867	0,730879396660916	0,388388169332745	0,04585979726	-0,02292671216	0,6598358723	0,041922686	-0,02805401365	0,6571112323
0,022170515323136	-0,0393204661756344	0,499012293097638	0,770507402569067	0,396617036855083	0,04942481379	-0,01742209501	0,6626693622	0,04585979726	-0,02292671216	0,6598358723
0,021632297339657	-0,0409661486435548	0,431336837027159	0,805971688536535	0,405411112700396	0,05251867279	-0,01164108456	0,6655772632	0,04942481379	-0,01742209501	0,6626693622
0,0208091069273239	-0,04166698944074	0,359684543915647	0,835886722786053	0,414632868376573	0,05504121041	-0,005778848498	0,6684851641	0,05251867279	-0,01164108456	0,6655772632
0,0196931969798596	-0,0413885258793196	0,283545439854049	0,859915325896322	0,424437999979498	0,05708086891	0,0004068746956	0,6715383205	0,05504121041	-0,005778848498	0,6684851641
0,0183031321158482	-0,0401404123962404	0,203297643012519	0,877260436707614	0,434838124516607	0,05850829545	0,00656643863	0,6745914768	0,05708086891	0,0004068746956	0,6715383205
0,016668951248643	-0,0379373526079769	0,120022287304613	0,887040928017168	0,445817274870109	0,05935861704	0,01285085521	0,6777499573	0,05850829545	0,00656643863	0,6745914768
0,000968227525838581	-0,00175491861363318	0,0340386836059505	0,888591503925013	0,457434702630505	0,05959545231	0,01903352112	0,6809327088	0,05935861704	0,01285085521	0,6777499573
-0,0128245372562372	0,0309924999727503	0,0524255297339425	0,881362361465018	0,469523110852835	0,05924007592	0,02500800294	0,6841154602	0,05959545231	0,01903352112	0,6809327088
-0,010725240778128	0,0265224450118053	0,138319905247597	0,865145843855231	0,482068742683361	0,05832325857	0,03074239611	0,6873107269	0,05924007592	0,02500800294	0,6841154602
-0,00855468110180755	0,0215524184558068	0,222707626402776	0,83982657443317	0,495068316515902	0,05688586046	0,03616279931	0,6905059936	0,05832325857	0,03074239611	0,6873107269
-0,00634142381890907	0,0162101675044774	0,304145543500371	0,805597679128121	0,508436690013859	0,05498905954	0,04118690192	0,6936768544	0,05688586046	0,03616279931	0,6905059936
-0,00408449854467197	0,0105753177455514	0,381563934162944	0,762745326305216	0,522138421633236	0,0526786719	0,04580536089	0,6968384272	0,05498905954	0,04118690192	0,6936768544
-0,00147101792216802	0,00384469918658289	0,454300552080592	0,711407344606798	0,536200147723566	0,05	0,05	0,7	0,0526786719	0,04580536089	0,6968384272
END
